1 82.0158
1001 59.7836
2001 59.2181
3001 58.3494
4001 57.3718
5001 56.347
6001 55.5838
7001 54.9595
8001 54.476
9001 53.9333
10001 53.4268
11001 53.0081
12001 52.4764
13001 52.0416
14001 51.6572
15001 51.2923
16001 50.9139
17001 50.6183
18001 50.2703
19001 49.9512
20001 49.512
21001 49.0958
22001 48.5906
23001 47.9825
24001 47.3707
25001 46.724
26001 46.0723
27001 45.4321
28001 44.7853
29001 44.1139
30001 43.5685
31001 43.0499
32001 42.4905
33001 42.0301
34001 41.4951
35001 40.8748
36001 40.327
37001 39.6372
38001 38.9988
39001 38.2862
40001 37.6902
41001 37.0244
42001 36.4197
43001 35.7441
44001 35.0461
45001 34.2968
46001 33.4066
47001 32.0913
48001 30.8787
49001 29.9051
50001 29.1532
51001 28.5727
52001 28.0259
53001 27.426
54001 26.6559
55001 26.1769
56001 25.8094
57001 25.5448
58001 25.2936
59001 25.0565
60001 24.8388
61001 24.6413
62001 24.4691
63001 24.2924
64001 24.137
65001 23.9331
66001 23.7527
67001 23.5627
68001 23.3602
69001 23.1508
70001 22.941
71001 22.7084
72001 22.4987
73001 22.2713
74001 22.0322
75001 21.7629
76001 21.4984
77001 21.26
78001 21.0303
79001 20.7653
80001 20.4958
81001 20.2699
82001 19.9589
83001 19.6762
84001 19.3594
85001 19.0762
86001 18.7697
87001 18.4599
88001 18.2432
89001 18.0447
90001 17.7371
91001 17.4423
92001 17.05
93001 16.5552
94001 16.0373
95001 15.5896
96001 15.1561
97001 14.7854
98001 14.4573
99001 14.2935
100001 14.1617
101001 14.0514
102001 13.9687
103001 13.8394
104001 13.7235
105001 13.6382
106001 13.5433
107001 13.4441
108001 13.3657
109001 13.3341
110001 13.2214
111001 13.1452
112001 13.0744
113001 13.0058
114001 12.9534
115001 12.8738
116001 12.7765
117001 12.6913
118001 12.6278
119001 12.5482
120001 12.5023
121001 12.3883
122001 12.2861
123001 12.172
124001 12.0269
125001 11.8653
126001 11.6925
127001 11.5499
128001 11.4385
129001 11.3605
130001 11.2302
131001 11.1618
132001 11.0549
133001 10.9426
134001 10.8727
135001 10.7999
136001 10.6873
137001 10.6054
138001 10.5284
139001 10.467
140001 10.3396
141001 10.2319
142001 10.1077
143001 10.0163
144001 9.92765
145001 9.86015
146001 9.78562
147001 9.69678
148001 9.56527
149001 9.41517
150001 9.29466
151001 9.19286
152001 9.11446
153001 9.02048
154001 8.93865
155001 8.8636
156001 8.79452
157001 8.69914
158001 8.63252
159001 8.5768
160001 8.51997
161001 8.46866
162001 8.4318
163001 8.42185
164001 8.37252
165001 8.3372
166001 8.30467
167001 8.26771
168001 8.23951
169001 8.21125
170001 8.16255
171001 8.11479
172001 8.07099
173001 8.03777
174001 7.99569
175001 7.95795
176001 7.90609
177001 7.84489
178001 7.80306
179001 7.75725
180001 7.72542
181001 7.66335
182001 7.62453
183001 7.56211
184001 7.52427
185001 7.45909
186001 7.41829
187001 7.37826
188001 7.33179
189001 7.31243
190001 7.3125
191001 7.27035
192001 7.16582
193001 7.10574
194001 7.02957
195001 6.95449
196001 6.96629
197001 6.83751
198001 6.79068
199001 6.73237
200001 6.70136
201001 6.64938
202001 6.63024
203001 6.59675
204001 6.55123
205001 6.52751
206001 6.49384
207001 6.49382
208001 6.45309
209001 6.43304
210001 6.43149
211001 6.42377
212001 6.41459
213001 6.39741
214001 6.41996
215001 6.38542
216001 6.38983
217001 6.34747
218001 6.32598
219001 6.31085
220001 6.30356
221001 6.32246
222001 6.27506
223001 6.27326
224001 6.22942
225001 6.22074
226001 6.20875
227001 6.17539
228001 6.15589
229001 6.14622
230001 6.13908
231001 6.18899
232001 6.1387
233001 6.12051
234001 6.09102
235001 6.1031
236001 6.08855
237001 6.1401
238001 6.07613
239001 6.05002
240001 6.09238
241001 6.07063
242001 6.03605
243001 6.01017
244001 6.00271
245001 5.96144
246001 5.94232
247001 5.92689
248001 5.89896
249001 5.84015
250001 5.79844
251001 5.77084
252001 5.72988
253001 5.71824
254001 5.70234
255001 5.68087
256001 5.6576
257001 5.63049
258001 5.63382
259001 5.6101
260001 5.59095
261001 5.58915
262001 5.58725
263001 5.58533
264001 5.59538
265001 5.58894
266001 5.58791
267001 5.60711
268001 5.5874
269001 5.56063
270001 5.56695
271001 5.56728
272001 5.56299
273001 5.54794
274001 5.55847
275001 5.55639
276001 5.54819
277001 5.55137
278001 5.56366
279001 5.54647
280001 5.62032
281001 5.55241
282001 5.56013
283001 5.55245
284001 5.55322
285001 5.53758
286001 5.51651
287001 5.51858
288001 5.52763
289001 5.53843
290001 5.57325
291001 5.53659
292001 5.51391
293001 5.48683
294001 5.47802
295001 5.43782
296001 5.40727
297001 5.37938
298001 5.37105
299001 5.34182
300001 5.32016
301001 5.30414
302001 5.28515
303001 5.27555
304001 5.26153
305001 5.24594
306001 5.24506
307001 5.27781
308001 5.2202
309001 5.21912
310001 5.24424
311001 5.22125
312001 5.22299
313001 5.30276
314001 5.23621
315001 5.23054
316001 5.23651
317001 5.21764
318001 5.23247
319001 5.22483
320001 5.2254
321001 5.2278
322001 5.23566
323001 5.2405
324001 5.25384
325001 5.23188
326001 5.23217
327001 5.2453
328001 5.24809
329001 5.23928
330001 5.24281
331001 5.24918
332001 5.266
333001 5.30012
334001 5.26708
335001 5.29239
336001 5.31247
337001 5.27695
338001 5.30979
339001 5.28596
340001 5.2886
341001 5.34103
342001 5.30134
343001 5.32388
344001 5.29716
345001 5.27378
346001 5.27439
347001 5.26328
348001 5.23617
349001 5.23607
350001 5.18865
351001 5.15995
352001 5.14247
353001 5.1393
354001 5.13081
355001 5.13584
356001 5.12269
357001 5.10053
358001 5.097
359001 5.09221
360001 5.08181
361001 5.06892
362001 5.08557
363001 5.08718
364001 5.10571
365001 5.10383
366001 5.11619
367001 5.09685
368001 5.10198
369001 5.11196
370001 5.13112
371001 5.11415
372001 5.11577
373001 5.1344
374001 5.16404
375001 5.1405
376001 5.14433
377001 5.1524
378001 5.14898
379001 5.1694
380001 5.16477
381001 5.20555
382001 5.21239
383001 5.19212
384001 5.19281
385001 5.20438
386001 5.18482
387001 5.18506
388001 5.19191
389001 5.19598
390001 5.20022
391001 5.29362
392001 5.23382
393001 5.20364
394001 5.18455
395001 5.16558
396001 5.13817
397001 5.15087
398001 5.12198
399001 5.16033
400001 5.08037
401001 5.07341
402001 5.06314
403001 5.04264
404001 5.0423
405001 5.03539
406001 5.02843
407001 5.07131
408001 5.07012
409001 5.00968
410001 5.00295
411001 5.01162
412001 5.03073
413001 5.04816
414001 5.06523
415001 5.04236
416001 5.0725
417001 5.06164
418001 5.02279
419001 5.04517
420001 5.04491
421001 5.05017
422001 5.10389
423001 5.06238
424001 5.07004
425001 5.07022
426001 5.07637
427001 5.08155
428001 5.07854
429001 5.08551
430001 5.08911
431001 5.15385
432001 5.09915
433001 5.12499
434001 5.13647
435001 5.12375
436001 5.1307
437001 5.16985
438001 5.13099
439001 5.13399
440001 5.16215
441001 5.25854
442001 5.20905
443001 5.18614
444001 5.18434
445001 5.17413
446001 5.14995
447001 5.14973
448001 5.15511
449001 5.12303
450001 5.10901
451001 5.12432
452001 5.06286
453001 5.04685
454001 5.03967
455001 5.04111
456001 5.03672
457001 5.05749
458001 5.05511
459001 5.00514
460001 5.00187
461001 4.99785
462001 5.01503
463001 5.02626
464001 5.01326
465001 5.05406
466001 5.0313
467001 5.03982
468001 5.04349
469001 5.03014
470001 5.04763
471001 5.06366
472001 5.05527
473001 5.06697
474001 5.08178
475001 5.07996
476001 5.08645
477001 5.10097
478001 5.10597
479001 5.10689
480001 5.11727
481001 5.11926
482001 5.14747
483001 5.14323
484001 5.1532
485001 5.1394
486001 5.15926
487001 5.14922
488001 5.14764
489001 5.1528
490001 5.16319
491001 5.1794
492001 5.23724
493001 5.2472
494001 5.16955
495001 5.15464
496001 5.16114
497001 5.1122
498001 5.12851
499001 5.09933
500001 5.09078
501001 5.06423
502001 5.06662
503001 5.04507
504001 5.03145
505001 5.07626
506001 5.01594
507001 5.00882
508001 5.00828
509001 5.03286
510001 4.99856
511001 4.99425
512001 5.12344
513001 5.01655
514001 5.02402
515001 5.01935
516001 5.03207
517001 5.05029
518001 5.07757
519001 5.04722
520001 5.03266
521001 5.04705
522001 5.04936
523001 5.10886
524001 5.06673
525001 5.08131
526001 5.07341
527001 5.08302
528001 5.09786
529001 5.08607
530001 5.08875
531001 5.09466
532001 5.10357
533001 5.18553
534001 5.17543
535001 5.13476
536001 5.12031
537001 5.15272
538001 5.16358
539001 5.23207
540001 5.17174
541001 5.16013
542001 5.24509
543001 5.21331
544001 5.19636
545001 5.18898
546001 5.19091
547001 5.16687
548001 5.16113
549001 5.17886
550001 5.15668
551001 5.11233
552001 5.09749
553001 5.09231
554001 5.06783
555001 5.07116
556001 5.06103
557001 5.0583
558001 5.07676
559001 5.04732
560001 5.04307
561001 5.04534
562001 5.03668
563001 5.03824
564001 5.03651
565001 5.04906
566001 5.06957
567001 5.07105
568001 5.07851
569001 5.07242
570001 5.09173
571001 5.07389
572001 5.0865
573001 5.08971
574001 5.1032
575001 5.10267
576001 5.1206
577001 5.11786
578001 5.13321
579001 5.13687
580001 5.14105
581001 5.14485
582001 5.23087
583001 5.16607
584001 5.17343
585001 5.18439
586001 5.19381
587001 5.19137
588001 5.17286
589001 5.18349
590001 5.20353
591001 5.1843
592001 5.20968
593001 5.2389
594001 5.22431
595001 5.19513
596001 5.19919
597001 5.17019
598001 5.14784
599001 5.23329
600001 5.13334
601001 5.10905
602001 5.0916
603001 5.08277
604001 5.07272
605001 5.07026
606001 5.06248
607001 5.05464
608001 5.06239
609001 5.09793
610001 5.03971
611001 5.04237
612001 5.07148
613001 5.05502
614001 5.05214
615001 5.13945
616001 5.06352
617001 5.1122
618001 5.08701
619001 5.06437
620001 5.08424
621001 5.0906
622001 5.08645
623001 5.1047
624001 5.10427
625001 5.1101
626001 5.14138
627001 5.11153
628001 5.11975
629001 5.12576
630001 5.12599
631001 5.13111
632001 5.14953
633001 5.14705
634001 5.16482
635001 5.18889
636001 5.1714
637001 5.1704
638001 5.22396
639001 5.19801
640001 5.23059
641001 5.20535
642001 5.21379
643001 5.26485
644001 5.26424
645001 5.2597
646001 5.23889
647001 5.21355
648001 5.22264
649001 5.2141
650001 5.20419
651001 5.20193
652001 5.15877
653001 5.13284
654001 5.12011
655001 5.12363
656001 5.11932
657001 5.12308
658001 5.10849
659001 5.10134
660001 5.09835
661001 5.09239
662001 5.0834
663001 5.07807
664001 5.09152
665001 5.0989
666001 5.10414
667001 5.11354
668001 5.12803
669001 5.11517
670001 5.15641
671001 5.12867
672001 5.14643
673001 5.13277
674001 5.15066
675001 5.15711
676001 5.18731
677001 5.17132
678001 5.17953
679001 5.17389
680001 5.18457
681001 5.2085
682001 5.19824
683001 5.23791
684001 5.24604
685001 5.23455
686001 5.23106
687001 5.24027
688001 5.22625
689001 5.2284
690001 5.23576
691001 5.24149
692001 5.27612
693001 5.31862
694001 5.28603
695001 5.26119
696001 5.25307
697001 5.22347
698001 5.22125
699001 5.21668
700001 5.17977
701001 5.1718
702001 5.15453
703001 5.14905
704001 5.13763
705001 5.11778
706001 5.12189
707001 5.11326
708001 5.11015
709001 5.10954
710001 5.21364
711001 5.09489
712001 5.09565
713001 5.09583
714001 5.09944
715001 5.13746
716001 5.15255
717001 5.13319
718001 5.12487
719001 5.13611
720001 5.1169
721001 5.13869
722001 5.13947
723001 5.14381
724001 5.14425
725001 5.15323
726001 5.16359
727001 5.16458
728001 5.167
729001 5.16815
730001 5.1856
731001 5.18775
732001 5.18582
733001 5.28636
734001 5.20013
735001 5.22299
736001 5.25969
737001 5.22333
738001 5.25157
739001 5.2662
740001 5.24479
741001 5.23238
742001 5.26246
743001 5.35757
744001 5.31481
745001 5.28148
746001 5.29014
747001 5.28352
748001 5.26015
749001 5.26281
750001 5.26582
751001 5.23948
752001 5.22616
753001 5.24398
754001 5.1853
755001 5.16951
756001 5.16459
757001 5.16844
758001 5.16015
759001 5.18089
760001 5.1442
761001 5.1378
762001 5.12851
763001 5.12731
764001 5.13899
765001 5.15343
766001 5.14708
767001 5.16928
768001 5.15646
769001 5.16685
770001 5.17014
771001 5.17134
772001 5.17633
773001 5.22022
774001 5.18267
775001 5.19221
776001 5.21058
777001 5.2071
778001 5.21304
779001 5.22437
780001 5.2346
781001 5.23168
782001 5.24946
783001 5.24613
784001 5.25981
785001 5.27229
786001 5.27922
787001 5.27791
788001 5.28838
789001 5.28354
790001 5.27967
791001 5.28107
792001 5.29244
793001 5.29368
794001 5.3917
795001 5.37885
796001 5.30396
797001 5.28641
798001 5.29492
799001 5.24688
800001 5.26591
801001 5.23572
802001 5.27363
803001 5.20118
804001 5.20776
805001 5.1872
806001 5.17263
807001 5.21607
808001 5.15848
809001 5.14879
810001 5.15328
811001 5.19923
812001 5.14076
813001 5.13839
814001 5.26169
815001 5.17054
816001 5.16774
817001 5.1625
818001 5.17415
819001 5.20937
820001 5.20151
821001 5.18802
822001 5.17472
823001 5.18881
824001 5.18902
825001 5.25102
826001 5.20784
827001 5.22141
828001 5.21454
829001 5.22284
830001 5.23717
831001 5.22528
832001 5.2301
833001 5.2337
834001 5.30116
835001 5.26843
836001 5.31429
837001 5.2823
838001 5.26124
839001 5.27471
840001 5.30103
841001 5.27817
842001 5.28367
843001 5.2992
844001 5.38084
845001 5.35104
846001 5.33838
847001 5.32775
848001 5.32651
849001 5.30494
850001 5.31299
851001 5.31892
852001 5.28265
853001 5.26595
854001 5.24355
855001 5.24486
856001 5.2167
857001 5.2189
858001 5.21136
859001 5.20629
860001 5.22182
861001 5.22479
862001 5.18794
863001 5.19136
864001 5.18433
865001 5.17933
866001 5.1838
867001 5.18932
868001 5.22989
869001 5.20592
870001 5.22456
871001 5.2187
872001 5.20815
873001 5.21761
874001 5.23857
875001 5.23321
876001 5.24063
877001 5.24854
878001 5.26353
879001 5.25963
880001 5.27416
881001 5.27813
882001 5.28369
883001 5.28548
884001 5.29667
885001 5.32551
886001 5.3148
887001 5.32315
888001 5.31517
889001 5.33157
890001 5.31501
891001 5.32238
892001 5.33904
893001 5.32541
894001 5.34992
895001 5.40857
896001 5.36017
897001 5.33716
898001 5.32984
899001 5.31176
900001 5.28739
901001 5.37689
902001 5.27295
903001 5.26977
904001 5.2439
905001 5.24417
906001 5.21607
907001 5.2231
908001 5.21855
909001 5.20088
910001 5.20751
911001 5.24325
912001 5.21966
913001 5.18703
914001 5.18423
915001 5.19911
916001 5.20591
917001 5.27946
918001 5.20488
919001 5.25372
920001 5.23502
921001 5.26601
922001 5.22605
923001 5.23304
924001 5.2286
925001 5.2467
926001 5.24421
927001 5.25682
928001 5.27857
929001 5.24921
930001 5.25927
931001 5.26351
932001 5.26487
933001 5.27061
934001 5.28644
935001 5.2884
936001 5.36462
937001 5.32477
938001 5.30855
939001 5.30513
940001 5.34202
941001 5.33392
942001 5.41444
943001 5.34882
944001 5.34968
945001 5.39809
946001 5.39792
947001 5.37417
948001 5.37261
949001 5.37383
950001 5.35469
951001 5.34305
952001 5.34178
953001 5.33806
954001 5.2952
955001 5.27707
956001 5.27625
957001 5.25301
958001 5.25705
959001 5.25809
960001 5.25145
961001 5.24328
962001 5.22677
963001 5.24599
964001 5.21914
965001 5.22051
966001 5.22511
967001 5.23463
968001 5.24237
969001 5.25812
970001 5.26022
971001 5.24947
972001 5.29384
973001 5.27899
974001 5.28035
975001 5.27487
976001 5.28383
977001 5.28749
978001 5.28235
979001 5.30501
980001 5.31088
981001 5.30691
982001 5.31663
983001 5.33785
984001 5.32932
985001 5.36706
986001 5.34656
987001 5.36372
988001 5.36019
989001 5.37446
990001 5.35512
991001 5.35497
992001 5.36567
993001 5.36942
994001 5.40327
995001 5.44502
996001 5.41201
997001 5.39316
998001 5.38318
999001 5.37574
1000001 5.35037
1001001 5.32617
1002001 5.31348
1003001 5.30188
1004001 5.28622
1005001 5.273
1006001 5.26542
1007001 5.25385
1008001 5.2527
1009001 5.24239
1010001 5.23729
1011001 5.24058
1012001 5.34162
1013001 5.22163
1014001 5.22613
1015001 5.2538
1016001 5.2309
1017001 5.23847
1018001 5.27999
1019001 5.25935
1020001 5.25291
1021001 5.26426
1022001 5.24779
1023001 5.26393
1024001 5.26299
1025001 5.27009
1026001 5.27157
1027001 5.27747
1028001 5.28711
1029001 5.30691
1030001 5.29002
1031001 5.29398
1032001 5.30892
1033001 5.31402
1034001 5.3106
1035001 5.40618
1036001 5.32256
1037001 5.34318
1038001 5.37931
1039001 5.34799
1040001 5.37568
1041001 5.38738
1042001 5.3666
1043001 5.4001
1044001 5.37953
1045001 5.48114
1046001 5.43363
1047001 5.40498
1048001 5.426
1049001 5.40177
1050001 5.38739
1051001 5.3829
1052001 5.38418
1053001 5.36406
1054001 5.34718
1055001 5.36638
1056001 5.30589
1057001 5.28993
1058001 5.28673
1059001 5.29156
1060001 5.29681
1061001 5.29016
1062001 5.27042
1063001 5.25867
1064001 5.26764
1065001 5.24939
1066001 5.24808
1067001 5.26926
1068001 5.26779
1069001 5.28941
1070001 5.28907
1071001 5.29982
1072001 5.28737
1073001 5.29164
1074001 5.3006
1075001 5.33645
1076001 5.30372
1077001 5.30893
1078001 5.32613
1079001 5.35838
1080001 5.33666
1081001 5.3406
1082001 5.35056
1083001 5.34708
1084001 5.36536
1085001 5.36239
1086001 5.37535
1087001 5.38629
1088001 5.39249
1089001 5.39196
1090001 5.40533
1091001 5.39704
1092001 5.39242
1093001 5.40125
1094001 5.40759
1095001 5.4069
1096001 5.50377
1097001 5.44769
1098001 5.42063
1099001 5.4031
1100001 5.38573
1101001 5.36442
1102001 5.37192
1103001 5.35264
1104001 5.38945
1105001 5.31491
1106001 5.32189
1107001 5.30424
1108001 5.28533
1109001 5.33086
1110001 5.2736
1111001 5.27445
1112001 5.31699
1113001 5.31408
1114001 5.26125
1115001 5.25439
1116001 5.27901
1117001 5.28352
1118001 5.29836
1119001 5.30897
1120001 5.28431
1121001 5.32168
1122001 5.31412
1123001 5.27755
1124001 5.28342
1125001 5.29918
1126001 5.30065
1127001 5.35675
1128001 5.31665
1129001 5.32849
1130001 5.3259
1131001 5.33241
1132001 5.3387
1133001 5.33403
1134001 5.34099
1135001 5.34364
1136001 5.40829
1137001 5.3754
1138001 5.37804
1139001 5.38927
1140001 5.36836
1141001 5.38439
1142001 5.40404
1143001 5.38427
1144001 5.38858
1145001 5.41466
1146001 5.48163
1147001 5.45238
1148001 5.44275
1149001 5.43934
1150001 5.42833
1151001 5.41083
1152001 5.41605
1153001 5.41569
1154001 5.38835
1155001 5.37451
1156001 5.34841
1157001 5.3499
1158001 5.32228
1159001 5.32538
1160001 5.31519
1161001 5.3097
1162001 5.33039
1163001 5.33175
1164001 5.29192
1165001 5.2804
1166001 5.28757
1167001 5.29707
1168001 5.30314
1169001 5.29307
1170001 5.33516
1171001 5.31164
1172001 5.31758
1173001 5.32231
1174001 5.31191
1175001 5.32517
1176001 5.34121
1177001 5.33249
1178001 5.34383
1179001 5.34972
1180001 5.35713
1181001 5.36403
1182001 5.37491
1183001 5.38084
1184001 5.38201
1185001 5.39087
1186001 5.39358
1187001 5.42232
1188001 5.41269
1189001 5.42586
1190001 5.41288
1191001 5.43143
1192001 5.41322
1193001 5.42081
1194001 5.42278
1195001 5.42215
1196001 5.4458
1197001 5.50513
1198001 5.51704
1199001 5.43399
1200001 5.42847
1201001 5.42949
1202001 5.38952
1203001 5.47582
1204001 5.37665
1205001 5.37251
1206001 5.34336
1207001 5.34068
1208001 5.31402
1209001 5.32132
1210001 5.31626
1211001 5.29825
1212001 5.30542
1213001 5.293
1214001 5.31675
1215001 5.28483
1216001 5.28037
1217001 5.29825
1218001 5.30156
1219001 5.30726
1220001 5.30603
1221001 5.34923
1222001 5.33009
1223001 5.36041
1224001 5.32922
1225001 5.3263
1226001 5.33052
1227001 5.33969
1228001 5.38755
1229001 5.34947
1230001 5.37193
1231001 5.35114
1232001 5.36146
1233001 5.37515
1234001 5.36441
1235001 5.36666
1236001 5.3729
1237001 5.38023
1238001 5.45431
1239001 5.41595
1240001 5.40893
1241001 5.39533
1242001 5.42481
1243001 5.42941
1244001 5.50099
1245001 5.44206
1246001 5.4314
1247001 5.50977
1248001 5.48492
1249001 5.4651
1250001 5.45728
1251001 5.45997
1252001 5.43757
1253001 5.43156
1254001 5.44363
1255001 5.43004
1256001 5.38797
1257001 5.37065
1258001 5.36742
1259001 5.34484
1260001 5.34995
1261001 5.3488
1262001 5.33938
1263001 5.35013
1264001 5.32454
1265001 5.33367
1266001 5.32144
1267001 5.31001
1268001 5.31694
1269001 5.31289
1270001 5.32763
1271001 5.34661
1272001 5.3479
1273001 5.35307
1274001 5.37898
1275001 5.36701
1276001 5.34768
1277001 5.35941
1278001 5.36262
1279001 5.37481
1280001 5.37004
1281001 5.3876
1282001 5.38779
1283001 5.40133
1284001 5.40266
1285001 5.40885
1286001 5.41108
1287001 5.49548
1288001 5.43137
1289001 5.44775
1290001 5.44727
1291001 5.45687
1292001 5.45279
1293001 5.43851
1294001 5.44843
1295001 5.46554
1296001 5.47172
1297001 5.5241
1298001 5.49642
1299001 5.48613
1300001 5.46471
1301001 5.46336
1302001 5.43109
1303001 5.41314
1304001 5.39587
1305001 5.39516
1306001 5.37588
1307001 5.35977
1308001 5.35063
1309001 5.33863
1310001 5.33674
1311001 5.32893
1312001 5.31967
1313001 5.32613
1314001 5.36266
1315001 5.30717
1316001 5.30924
1317001 5.33628
1318001 5.3134
1319001 5.31941
1320001 5.39992
1321001 5.3274
1322001 5.33609
1323001 5.34408
1324001 5.33042
1325001 5.3479
1326001 5.34294
1327001 5.34774
1328001 5.35086
1329001 5.36516
1330001 5.37075
1331001 5.38717
1332001 5.36926
1333001 5.3739
1334001 5.38202
1335001 5.39162
1336001 5.38454
1337001 5.40469
1338001 5.4018
1339001 5.41995
1340001 5.45542
1341001 5.42391
1342001 5.45022
1343001 5.47257
1344001 5.43773
1345001 5.47604
1346001 5.45486
1347001 5.46101
1348001 5.5083
1349001 5.48032
1350001 5.50386
1351001 5.48208
1352001 5.46263
1353001 5.46528
1354001 5.46229
1355001 5.44249
1356001 5.44561
1357001 5.40703
1358001 5.38297
1359001 5.37197
1360001 5.37459
1361001 5.36845
1362001 5.37523
1363001 5.36402
1364001 5.34779
1365001 5.34927
1366001 5.34256
1367001 5.33336
1368001 5.32464
1369001 5.34103
1370001 5.34823
1371001 5.36376
1372001 5.36274
1373001 5.37695
1374001 5.36141
1375001 5.36497
1376001 5.37603
1377001 5.38957
1378001 5.379
1379001 5.38471
1380001 5.39928
1381001 5.43133
1382001 5.40896
1383001 5.41266
1384001 5.41955
1385001 5.41792
1386001 5.43757
1387001 5.43678
1388001 5.47601
1389001 5.48214
1390001 5.46336
1391001 5.46371
1392001 5.47724
1393001 5.46107
1394001 5.46337
1395001 5.47114
1396001 5.47473
1397001 5.48995
1398001 5.57334
1399001 5.51699
1400001 5.49322
1401001 5.47546
1402001 5.45792
1403001 5.44409
1404001 5.44918
1405001 5.42178
1406001 5.39899
1407001 5.38801
1408001 5.38303
1409001 5.37257
1410001 5.35439
1411001 5.35668
1412001 5.35057
1413001 5.34598
1414001 5.38666
1415001 5.4447
1416001 5.3301
1417001 5.32647
1418001 5.33145
1419001 5.35238
1420001 5.36781
1421001 5.38307
1422001 5.36122
1423001 5.37792
1424001 5.38053
1425001 5.3466
1426001 5.36837
1427001 5.36778
1428001 5.37258
1429001 5.4232
1430001 5.38207
1431001 5.39125
1432001 5.39231
1433001 5.39895
1434001 5.40348
1435001 5.39931
1436001 5.40689
1437001 5.41121
1438001 5.47428
1439001 5.4238
1440001 5.44467
1441001 5.454
1442001 5.44325
1443001 5.44873
1444001 5.48669
1445001 5.46092
1446001 5.45231
1447001 5.48024
1448001 5.57228
1449001 5.52752
1450001 5.50752
1451001 5.50502
1452001 5.49517
1453001 5.47479
1454001 5.47661
1455001 5.48264
1456001 5.45151
1457001 5.44012
1458001 5.45745
1459001 5.40314
1460001 5.38823
1461001 5.38076
1462001 5.38462
1463001 5.37881
1464001 5.39697
1465001 5.39615
1466001 5.35047
1467001 5.3459
1468001 5.34368
1469001 5.35853
1470001 5.3699
1471001 5.36019
1472001 5.3976
1473001 5.37476
1474001 5.38309
1475001 5.38541
1476001 5.3728
1477001 5.38971
1478001 5.4304
1479001 5.39657
1480001 5.4047
1481001 5.42099
1482001 5.41907
1483001 5.42458
1484001 5.43622
1485001 5.44212
1486001 5.44199
1487001 5.45171
1488001 5.45233
1489001 5.46786
1490001 5.47696
1491001 5.48432
1492001 5.48279
1493001 5.49163
1494001 5.48391
1495001 5.47851
1496001 5.48461
1497001 5.49564
1498001 5.49436
1499001 5.5672
1500001 5.57556
1501001 5.50428
1502001 5.48908
1503001 5.4951
1504001 5.45149
1505001 5.46825
1506001 5.43791
1507001 5.4319
1508001 5.40023
1509001 5.40854
1510001 5.38813
1511001 5.37453
1512001 5.41535
1513001 5.36314
1514001 5.35348
1515001 5.35339
1516001 5.37542
1517001 5.34345
1518001 5.34001
1519001 5.46
1520001 5.36054
1521001 5.36563
1522001 5.3624
1523001 5.37318
1524001 5.4054
1525001 5.4165
1526001 5.38831
1527001 5.37447
1528001 5.38735
1529001 5.38757
1530001 5.44434
1531001 5.4105
1532001 5.41795
1533001 5.40991
1534001 5.41815
1535001 5.4328
1536001 5.4207
1537001 5.42315
1538001 5.42805
1539001 5.43549
1540001 5.45973
1541001 5.50255
1542001 5.46308
1543001 5.45165
1544001 5.47826
1545001 5.48887
1546001 5.46699
1547001 5.49528
1548001 5.48445
1549001 5.56475
1550001 5.53529
1551001 5.51912
1552001 5.51271
1553001 5.51017
1554001 5.49208
1555001 5.49399
1556001 5.50318
1557001 5.4828
1558001 5.4453
1559001 5.42775
1560001 5.4284
1561001 5.40187
1562001 5.40285
1563001 5.39498
1564001 5.39136
1565001 5.4081
1566001 5.37926
1567001 5.37156
1568001 5.37703
1569001 5.36843
1570001 5.37035
1571001 5.36959
1572001 5.37447
1573001 5.39955
1574001 5.39985
1575001 5.40714
1576001 5.40116
1577001 5.41887
1578001 5.40119
1579001 5.41702
1580001 5.41587
1581001 5.42601
1582001 5.42798
1583001 5.44311
1584001 5.4395
1585001 5.45287
1586001 5.4566
1587001 5.46016
1588001 5.46309
1589001 5.54444
1590001 5.48155
1591001 5.49141
1592001 5.50029
1593001 5.49691
1594001 5.50588
1595001 5.48936
1596001 5.49528
1597001 5.51553
1598001 5.49796
1599001 5.5214
1600001 5.55055
1601001 5.53454
1602001 5.50908
1603001 5.51432
1604001 5.48433
1605001 5.46344
1606001 5.54497
1607001 5.4469
1608001 5.42517
1609001 5.41004
1610001 5.39996
1611001 5.38993
1612001 5.38736
1613001 5.38137
1614001 5.37284
1615001 5.3807
1616001 5.41245
1617001 5.35873
1618001 5.36089
1619001 5.38748
1620001 5.37063
1621001 5.36682
1622001 5.44823
1623001 5.3766
1624001 5.42215
1625001 5.40179
1626001 5.37899
1627001 5.39616
1628001 5.40109
1629001 5.39632
1630001 5.41448
1631001 5.41352
1632001 5.4179
1633001 5.44429
1634001 5.41813
1635001 5.42577
1636001 5.43071
1637001 5.43056
1638001 5.43572
1639001 5.45234
1640001 5.44814
1641001 5.46613
1642001 5.4868
1643001 5.46918
1644001 5.4672
1645001 5.51935
1646001 5.49451
1647001 5.57115
1648001 5.50091
1649001 5.50674
1650001 5.55583
1651001 5.55402
1652001 5.54766
1653001 5.5309
1654001 5.52893
1655001 5.51414
1656001 5.50591
1657001 5.50049
1658001 5.495
1659001 5.45294
1660001 5.42882
1661001 5.41818
1662001 5.42043
1663001 5.41487
1664001 5.41608
1665001 5.40531
1666001 5.40225
1667001 5.39452
1668001 5.40145
1669001 5.37986
1670001 5.37847
1671001 5.38697
1672001 5.3937
1673001 5.39863
1674001 5.40953
1675001 5.41912
1676001 5.40776
1677001 5.44765
1678001 5.4191
1679001 5.43537
1680001 5.42351
1681001 5.43792
1682001 5.4428
1683001 5.43696
1684001 5.45974
1685001 5.46367
1686001 5.45748
1687001 5.46837
1688001 5.49006
1689001 5.48024
1690001 5.51802
1691001 5.52451
1692001 5.5113
1693001 5.51024
1694001 5.52053
1695001 5.50485
1696001 5.50377
1697001 5.51178
1698001 5.51767
1699001 5.54953
1700001 5.58989
1701001 5.55908
1702001 5.53553
1703001 5.53072
1704001 5.50142
1705001 5.49724
1706001 5.49157
1707001 5.45658
1708001 5.44927
1709001 5.43239
1710001 5.42714
1711001 5.41515
1712001 5.39635
1713001 5.39896
1714001 5.39182
1715001 5.39062
1716001 5.38748
1717001 5.48603
1718001 5.37344
1719001 5.3727
1720001 5.37124
1721001 5.37562
1722001 5.40772
1723001 5.42517
1724001 5.40613
1725001 5.3983
1726001 5.40741
1727001 5.39092
1728001 5.41008
1729001 5.40857
1730001 5.41352
1731001 5.41363
1732001 5.42237
1733001 5.43179
1734001 5.44392
1735001 5.43283
1736001 5.43624
1737001 5.44986
1738001 5.45429
1739001 5.45104
1740001 5.54513
1741001 5.46328
1742001 5.48426
1743001 5.51857
1744001 5.48382
1745001 5.51117
1746001 5.52345
1747001 5.50309
1748001 5.53269
1749001 5.52112
1750001 5.60776
1751001 5.56783
1752001 5.53885
1753001 5.54336
1754001 5.53818
1755001 5.51999
1756001 5.51696
1757001 5.51983
1758001 5.49494
1759001 5.48156
1760001 5.499
1761001 5.44232
1762001 5.4265
1763001 5.42165
1764001 5.42578
1765001 5.41694
1766001 5.42584
1767001 5.40195
1768001 5.39364
1769001 5.39719
1770001 5.38401
1771001 5.38289
1772001 5.40932
1773001 5.40261
1774001 5.42273
1775001 5.41861
1776001 5.41882
1777001 5.4216
1778001 5.42408
1779001 5.42949
1780001 5.46897
1781001 5.4317
1782001 5.44122
1783001 5.45806
1784001 5.45493
1785001 5.46575
1786001 5.47096
1787001 5.47986
1788001 5.47651
1789001 5.49426
1790001 5.48959
1791001 5.50374
1792001 5.51378
1793001 5.51833
1794001 5.51937
1795001 5.52826
1796001 5.52357
1797001 5.5191
1798001 5.52289
1799001 5.53085
1800001 5.53155
1801001 5.62666
1802001 5.61817
1803001 5.53989
1804001 5.52693
1805001 5.53277
1806001 5.48927
1807001 5.50312
1808001 5.4718
1809001 5.51424
1810001 5.44048
1811001 5.44619
1812001 5.4271
1813001 5.4125
1814001 5.45346
1815001 5.39809
1816001 5.38969
1817001 5.43901
1818001 5.43679
1819001 5.37888
1820001 5.37844
1821001 5.49368
1822001 5.40768
1823001 5.41876
1824001 5.39667
1825001 5.40867
1826001 5.4428
1827001 5.43553
1828001 5.42264
1829001 5.40892
1830001 5.41986
1831001 5.42122
1832001 5.47836
1833001 5.43848
1834001 5.45119
1835001 5.44366
1836001 5.44905
1837001 5.45547
1838001 5.4518
1839001 5.45894
1840001 5.46244
1841001 5.52615
1842001 5.4936
1843001 5.53515
1844001 5.50362
1845001 5.48473
1846001 5.4996
1847001 5.52192
1848001 5.50057
1849001 5.50599
1850001 5.52041
1851001 5.59553
1852001 5.56795
1853001 5.55717
1854001 5.54676
1855001 5.54473
1856001 5.52614
1857001 5.53105
1858001 5.53599
1859001 5.50093
1860001 5.48867
1861001 5.46371
1862001 5.46493
1863001 5.43763
1864001 5.43905
1865001 5.43158
1866001 5.42631
1867001 5.44097
1868001 5.44117
1869001 5.40765
1870001 5.41122
1871001 5.4035
1872001 5.40744
1873001 5.40163
1874001 5.40812
1875001 5.447
1876001 5.42443
1877001 5.44207
1878001 5.43489
1879001 5.42444
1880001 5.43236
1881001 5.4532
1882001 5.44673
1883001 5.45611
1884001 5.46023
1885001 5.47444
1886001 5.47003
1887001 5.48436
1888001 5.48764
1889001 5.4901
1890001 5.49565
1891001 5.50203
1892001 5.53118
1893001 5.52178
1894001 5.53003
1895001 5.52067
1896001 5.53789
1897001 5.52093
1898001 5.52696
1899001 5.54284
1900001 5.52899
1901001 5.55279
1902001 5.61021
1903001 5.62605
1904001 5.54007
1905001 5.5344
1906001 5.51486
1907001 5.49673
1908001 5.57717
1909001 5.47855
1910001 5.47477
1911001 5.4502
1912001 5.44847
1913001 5.42028
1914001 5.4271
1915001 5.42189
1916001 5.40572
1917001 5.41063
1918001 5.44556
1919001 5.42246
1920001 5.39028
1921001 5.38589
1922001 5.40144
1923001 5.40763
1924001 5.41204
1925001 5.40773
1926001 5.45152
1927001 5.43488
1928001 5.46431
1929001 5.42567
1930001 5.43149
1931001 5.4319
1932001 5.44385
1933001 5.44307
1934001 5.45314
1935001 5.47438
1936001 5.44497
1937001 5.45483
1938001 5.45872
1939001 5.45883
1940001 5.46391
1941001 5.48074
1942001 5.48134
1943001 5.55425
1944001 5.51541
1945001 5.50786
1946001 5.49575
1947001 5.52454
1948001 5.52296
1949001 5.59999
1950001 5.53863
1951001 5.53409
1952001 5.58419
1953001 5.58294
1954001 5.56134
1955001 5.55906
1956001 5.55872
1957001 5.53937
1958001 5.52859
1959001 5.52714
1960001 5.52373
1961001 5.48201
1962001 5.46833
1963001 5.46563
1964001 5.44303
1965001 5.44717
1966001 5.4456
1967001 5.43845
1968001 5.42991
1969001 5.41457
1970001 5.43224
1971001 5.40573
1972001 5.40685
1973001 5.41277
1974001 5.42045
1975001 5.42748
1976001 5.443
1977001 5.44464
1978001 5.43699
1979001 5.47483
1980001 5.46295
1981001 5.46051
1982001 5.456
1983001 5.46441
1984001 5.46796
1985001 5.46388
1986001 5.48406
1987001 5.48923
1988001 5.48502
1989001 5.49534
1990001 5.51437
1991001 5.50648
1992001 5.54207
1993001 5.52362
1994001 5.53975
1995001 5.53741
1996001 5.54852
1997001 5.53156
1998001 5.52971
1999001 5.53852
