1 99.9828
1001 29.8982
2001 29.4663
3001 28.7787
4001 28.0727
5001 27.3134
6001 26.8701
7001 26.4406
8001 26.1719
9001 25.8794
10001 25.6624
11001 25.4135
12001 25.1393
13001 24.9561
14001 24.8183
15001 24.7148
16001 24.6018
17001 24.5297
18001 24.4955
19001 24.4643
20001 24.3788
21001 24.2177
22001 24.0115
23001 23.7021
24001 23.3338
25001 22.9279
26001 22.4932
27001 22.0687
28001 21.6309
29001 21.1723
30001 20.7807
31001 20.3912
32001 19.9487
33001 19.5942
34001 19.1926
35001 18.7624
36001 18.3401
37001 17.8607
38001 17.4478
39001 17.012
40001 16.644
41001 16.2295
42001 15.84
43001 15.3791
44001 14.9669
45001 14.4879
46001 14.0738
47001 13.5512
48001 13.031
49001 12.5921
50001 12.2164
51001 11.8846
52001 11.5636
53001 11.2233
54001 10.7969
55001 10.5085
56001 10.2807
57001 10.0738
58001 9.88879
59001 9.70672
60001 9.5637
61001 9.38975
62001 9.26562
63001 9.13851
64001 9.02658
65001 8.88656
66001 8.7747
67001 8.65154
68001 8.52682
69001 8.40507
70001 8.29557
71001 8.17997
72001 8.08214
73001 7.98608
74001 7.88493
75001 7.78507
76001 7.6715
77001 7.56132
78001 7.45232
79001 7.33555
80001 7.21599
81001 7.12554
82001 7.01123
83001 6.91622
84001 6.8025
85001 6.70941
86001 6.59996
87001 6.49333
88001 6.4385
89001 6.36
90001 6.25057
91001 6.16121
92001 6.05015
93001 5.89456
94001 5.76657
95001 5.63432
96001 5.5182
97001 5.43999
98001 5.3904
99001 5.36971
100001 5.35631
101001 5.39643
102001 5.33824
103001 5.32611
104001 5.29324
105001 5.24986
106001 5.19306
107001 5.17047
108001 5.13913
109001 5.14422
110001 5.12308
111001 5.11786
112001 5.09312
113001 5.07053
114001 5.05289
115001 5.02809
116001 5.0169
117001 5.0041
118001 5.00524
119001 5.01598
120001 5.01418
121001 5.02076
122001 4.99931
123001 4.96425
124001 4.92791
125001 4.8679
126001 4.8163
127001 4.76044
128001 4.70786
129001 4.6585
130001 4.60794
131001 4.56942
132001 4.52008
133001 4.48028
134001 4.44063
135001 4.40378
136001 4.35555
137001 4.31336
138001 4.27722
139001 4.24293
140001 4.19257
141001 4.15626
142001 4.09977
143001 4.0584
144001 3.9973
145001 3.94343
146001 3.88513
147001 3.82086
148001 3.73935
149001 3.64372
150001 3.55361
151001 3.47538
152001 3.40511
153001 3.32557
154001 3.25074
155001 3.16659
156001 3.09096
157001 3.00505
158001 2.93737
159001 2.87863
160001 2.83
161001 2.78611
162001 2.74782
163001 2.72663
164001 2.70104
165001 2.68285
166001 2.66414
167001 2.64891
168001 2.64173
169001 2.63303
170001 2.62806
171001 2.61921
172001 2.61798
173001 2.61657
174001 2.61432
175001 2.6137
176001 2.61212
177001 2.6048
178001 2.60278
179001 2.59606
180001 2.59678
181001 2.587
182001 2.58277
183001 2.57201
184001 2.56969
185001 2.55511
186001 2.54558
187001 2.53483
188001 2.51359
189001 2.51699
190001 2.5152
191001 2.4995
192001 2.48058
193001 2.46025
194001 2.42698
195001 2.38837
196001 2.34928
197001 2.31674
198001 2.29135
199001 2.26952
200001 2.25719
201001 2.23754
202001 2.23065
203001 2.21156
204001 2.19382
205001 2.18457
206001 2.15929
207001 2.14119
208001 2.12799
209001 2.11825
210001 2.11586
211001 2.11006
212001 2.10528
213001 2.1028
214001 2.11433
215001 2.10303
216001 2.10502
217001 2.10674
218001 2.10914
219001 2.12064
220001 2.12199
221001 2.13583
222001 2.14735
223001 2.14391
224001 2.14036
225001 2.14107
226001 2.13818
227001 2.13358
228001 2.14259
229001 2.13565
230001 2.14198
231001 2.14634
232001 2.13695
233001 2.13899
234001 2.11784
235001 2.11845
236001 2.10858
237001 2.10333
238001 2.09145
239001 2.079
240001 2.07936
241001 2.06279
242001 2.04737
243001 2.03839
244001 2.02513
245001 1.99893
246001 1.98215
247001 1.95581
248001 1.91994
249001 1.88355
250001 1.84339
251001 1.80881
252001 1.78355
253001 1.76028
254001 1.73379
255001 1.71003
256001 1.67933
257001 1.64967
258001 1.62991
259001 1.60204
260001 1.59022
261001 1.58143
262001 1.58065
263001 1.57732
264001 1.57543
265001 1.58709
266001 1.58512
267001 1.58617
268001 1.59652
269001 1.59383
270001 1.60579
271001 1.61933
272001 1.63063
273001 1.63412
274001 1.64264
275001 1.64814
276001 1.66948
277001 1.67438
278001 1.68306
279001 1.685
280001 1.70158
281001 1.70234
282001 1.71168
283001 1.71697
284001 1.71482
285001 1.71252
286001 1.7081
287001 1.7056
288001 1.71196
289001 1.71834
290001 1.71253
291001 1.70207
292001 1.7023
293001 1.68889
294001 1.67474
295001 1.64955
296001 1.62602
297001 1.59167
298001 1.57145
299001 1.54963
300001 1.53752
301001 1.52192
302001 1.50951
303001 1.49256
304001 1.47975
305001 1.46452
306001 1.45045
307001 1.43895
308001 1.42935
309001 1.42762
310001 1.42597
311001 1.42746
312001 1.42738
313001 1.43265
314001 1.42655
315001 1.43405
316001 1.43922
317001 1.431
318001 1.45062
319001 1.46195
320001 1.46121
321001 1.4728
322001 1.48946
323001 1.50186
324001 1.51895
325001 1.52818
326001 1.53349
327001 1.54607
328001 1.55923
329001 1.57118
330001 1.58251
331001 1.59108
332001 1.60135
333001 1.60703
334001 1.60766
335001 1.61561
336001 1.6166
337001 1.61209
338001 1.6038
339001 1.59761
340001 1.60252
341001 1.6057
342001 1.58302
343001 1.58252
344001 1.57399
345001 1.56167
346001 1.55166
347001 1.53094
348001 1.50471
349001 1.47983
350001 1.45106
351001 1.41654
352001 1.39603
353001 1.37866
354001 1.3621
355001 1.35286
356001 1.32702
357001 1.30015
358001 1.27979
359001 1.27135
360001 1.25853
361001 1.24212
362001 1.25119
363001 1.26087
364001 1.25492
365001 1.26366
366001 1.27145
367001 1.26688
368001 1.27659
369001 1.29751
370001 1.30314
371001 1.31304
372001 1.32041
373001 1.33695
374001 1.35378
375001 1.36473
376001 1.37601
377001 1.40128
378001 1.40842
379001 1.42792
380001 1.4396
381001 1.45252
382001 1.46829
383001 1.46595
384001 1.46925
385001 1.47289
386001 1.47227
387001 1.47011
388001 1.47101
389001 1.47641
390001 1.48765
391001 1.48728
392001 1.47778
393001 1.4756
394001 1.45862
395001 1.4498
396001 1.42307
397001 1.4098
398001 1.38022
399001 1.3619
400001 1.34048
401001 1.33272
402001 1.32298
403001 1.30954
404001 1.3012
405001 1.28409
406001 1.26509
407001 1.25942
408001 1.24321
409001 1.23556
410001 1.23099
411001 1.24266
412001 1.23489
413001 1.24611
414001 1.24933
415001 1.2519
416001 1.2718
417001 1.25313
418001 1.25297
419001 1.27074
420001 1.28457
421001 1.29309
422001 1.30912
423001 1.32246
424001 1.34093
425001 1.3552
426001 1.36848
427001 1.38205
428001 1.39344
429001 1.40558
430001 1.42124
431001 1.43892
432001 1.4457
433001 1.45465
434001 1.45555
435001 1.46471
436001 1.46799
437001 1.47303
438001 1.46884
439001 1.46557
440001 1.47295
441001 1.47314
442001 1.46259
443001 1.45681
444001 1.46886
445001 1.44636
446001 1.43011
447001 1.41707
448001 1.40348
449001 1.37004
450001 1.34593
451001 1.32261
452001 1.2871
453001 1.26425
454001 1.24748
455001 1.2357
456001 1.22264
457001 1.21405
458001 1.1914
459001 1.16302
460001 1.1478
461001 1.14061
462001 1.14696
463001 1.1555
464001 1.14448
465001 1.16515
466001 1.15514
467001 1.16946
468001 1.17672
469001 1.17899
470001 1.19605
471001 1.21391
472001 1.21901
473001 1.23366
474001 1.25071
475001 1.2665
476001 1.28255
477001 1.30112
478001 1.32162
479001 1.32777
480001 1.34485
481001 1.35851
482001 1.37695
483001 1.38855
484001 1.39363
485001 1.39129
486001 1.40203
487001 1.39661
488001 1.40105
489001 1.4051
490001 1.4021
491001 1.41589
492001 1.42084
493001 1.40902
494001 1.40149
495001 1.39124
496001 1.38444
497001 1.34951
498001 1.3346
499001 1.31145
500001 1.29168
501001 1.27636
502001 1.26109
503001 1.24469
504001 1.23489
505001 1.24558
506001 1.21168
507001 1.19892
508001 1.18779
509001 1.18213
510001 1.17155
511001 1.1619
512001 1.19277
513001 1.17477
514001 1.17298
515001 1.17588
516001 1.19213
517001 1.19504
518001 1.19487
519001 1.20479
520001 1.21033
521001 1.22769
522001 1.23725
523001 1.25705
524001 1.27706
525001 1.29621
526001 1.30824
527001 1.33133
528001 1.34134
529001 1.3543
530001 1.36822
531001 1.38228
532001 1.39224
533001 1.41722
534001 1.41674
535001 1.41739
536001 1.41358
537001 1.42393
538001 1.43791
539001 1.42754
540001 1.42229
541001 1.42034
542001 1.43976
543001 1.41832
544001 1.41292
545001 1.41239
546001 1.40245
547001 1.38555
548001 1.37123
549001 1.35509
550001 1.3297
551001 1.29475
552001 1.26962
553001 1.24257
554001 1.2266
555001 1.21049
556001 1.19224
557001 1.17778
558001 1.17069
559001 1.1462
560001 1.13094
561001 1.11174
562001 1.11243
563001 1.10277
564001 1.11126
565001 1.11502
566001 1.11944
567001 1.135
568001 1.14012
569001 1.15151
570001 1.15991
571001 1.16715
572001 1.17839
573001 1.19935
574001 1.20994
575001 1.22404
576001 1.24277
577001 1.253
578001 1.27969
579001 1.29882
580001 1.31012
581001 1.31841
582001 1.34211
583001 1.35108
584001 1.35782
585001 1.37104
586001 1.37239
587001 1.37852
588001 1.37019
589001 1.37127
590001 1.37898
591001 1.36878
592001 1.38577
593001 1.3867
594001 1.38388
595001 1.36927
596001 1.36107
597001 1.34599
598001 1.32558
599001 1.30291
600001 1.28416
601001 1.26282
602001 1.24509
603001 1.23413
604001 1.21872
605001 1.20849
606001 1.1994
607001 1.18882
608001 1.17458
609001 1.16255
610001 1.15237
611001 1.15064
612001 1.15233
613001 1.14943
614001 1.14915
615001 1.16273
616001 1.15797
617001 1.18424
618001 1.17415
619001 1.16351
620001 1.19217
621001 1.19918
622001 1.20691
623001 1.23204
624001 1.25034
625001 1.26117
626001 1.28284
627001 1.2945
628001 1.30672
629001 1.3226
630001 1.33285
631001 1.35481
632001 1.37287
633001 1.38059
634001 1.38883
635001 1.40265
636001 1.40546
637001 1.40422
638001 1.41346
639001 1.41343
640001 1.41192
641001 1.40436
642001 1.41145
643001 1.41267
644001 1.40715
645001 1.40207
646001 1.39504
647001 1.37877
648001 1.37813
649001 1.35148
650001 1.32495
651001 1.30883
652001 1.27779
653001 1.24654
654001 1.22617
655001 1.21074
656001 1.19553
657001 1.18715
658001 1.16849
659001 1.14764
660001 1.12339
661001 1.11622
662001 1.10203
663001 1.0956
664001 1.09785
665001 1.10457
666001 1.10703
667001 1.11215
668001 1.12672
669001 1.1218
670001 1.13832
671001 1.15369
672001 1.16158
673001 1.17273
674001 1.19181
675001 1.20279
676001 1.21933
677001 1.23704
678001 1.25049
679001 1.27238
680001 1.28433
681001 1.30879
682001 1.32015
683001 1.33946
684001 1.34933
685001 1.364
686001 1.35486
687001 1.3632
688001 1.35917
689001 1.36651
690001 1.36095
691001 1.36805
692001 1.3968
693001 1.38651
694001 1.37313
695001 1.37308
696001 1.36289
697001 1.34285
698001 1.33539
699001 1.30849
700001 1.2826
701001 1.26918
702001 1.24639
703001 1.2377
704001 1.22584
705001 1.20682
706001 1.20583
707001 1.18749
708001 1.17209
709001 1.16525
710001 1.15729
711001 1.13901
712001 1.14414
713001 1.14524
714001 1.14426
715001 1.16258
716001 1.15521
717001 1.16171
718001 1.1662
719001 1.17405
720001 1.16699
721001 1.18309
722001 1.20286
723001 1.20751
724001 1.22106
725001 1.2405
726001 1.25796
727001 1.27508
728001 1.28975
729001 1.30505
730001 1.32536
731001 1.33768
732001 1.35449
733001 1.3735
734001 1.3784
735001 1.38915
736001 1.39995
737001 1.39663
738001 1.41018
739001 1.40546
740001 1.41098
741001 1.39979
742001 1.40926
743001 1.40991
744001 1.40741
745001 1.39583
746001 1.40348
747001 1.39146
748001 1.37463
749001 1.36752
750001 1.34744
751001 1.315
752001 1.29548
753001 1.27703
754001 1.23953
755001 1.21585
756001 1.19855
757001 1.18863
758001 1.16996
759001 1.16145
760001 1.1319
761001 1.11893
762001 1.1005
763001 1.09313
764001 1.09491
765001 1.09938
766001 1.09823
767001 1.10232
768001 1.10311
769001 1.11807
770001 1.12223
771001 1.13513
772001 1.14689
773001 1.16795
774001 1.17072
775001 1.18498
776001 1.20354
777001 1.21916
778001 1.23247
779001 1.25149
780001 1.27577
781001 1.28352
782001 1.29976
783001 1.31634
784001 1.33102
785001 1.34284
786001 1.35141
787001 1.35521
788001 1.35934
789001 1.35907
790001 1.36143
791001 1.36365
792001 1.36092
793001 1.37266
794001 1.38019
795001 1.36857
796001 1.36303
797001 1.34884
798001 1.34365
799001 1.31181
800001 1.29993
801001 1.27402
802001 1.257
803001 1.24313
804001 1.23149
805001 1.21566
806001 1.19962
807001 1.20972
808001 1.18035
809001 1.15427
810001 1.15612
811001 1.14307
812001 1.13698
813001 1.12904
814001 1.15849
815001 1.14061
816001 1.1455
817001 1.14199
818001 1.1572
819001 1.17349
820001 1.16369
821001 1.17116
822001 1.17878
823001 1.2013
824001 1.2094
825001 1.23275
826001 1.24623
827001 1.26696
828001 1.27778
829001 1.29984
830001 1.31314
831001 1.33339
832001 1.34147
833001 1.35797
834001 1.37431
835001 1.38294
836001 1.39381
837001 1.39723
838001 1.39005
839001 1.39808
840001 1.41291
841001 1.40105
842001 1.40293
843001 1.40068
844001 1.41741
845001 1.39792
846001 1.4015
847001 1.39662
848001 1.38322
849001 1.36536
850001 1.35925
851001 1.33625
852001 1.30654
853001 1.2857
854001 1.25771
855001 1.23443
856001 1.21161
857001 1.19892
858001 1.18227
859001 1.16398
860001 1.15205
861001 1.14619
862001 1.10699
863001 1.09738
864001 1.09246
865001 1.0857
866001 1.09152
867001 1.09067
868001 1.11537
869001 1.10359
870001 1.11813
871001 1.13381
872001 1.13266
873001 1.14811
874001 1.16668
875001 1.17754
876001 1.18659
877001 1.20452
878001 1.22187
879001 1.23653
880001 1.25706
881001 1.27193
882001 1.29103
883001 1.30074
884001 1.31772
885001 1.34053
886001 1.34108
887001 1.35396
888001 1.34915
889001 1.35924
890001 1.35546
891001 1.3616
892001 1.36113
893001 1.35201
894001 1.36863
895001 1.38717
896001 1.36807
897001 1.35502
898001 1.34713
899001 1.32803
900001 1.30287
901001 1.29109
902001 1.26639
903001 1.24767
904001 1.23413
905001 1.22532
906001 1.20575
907001 1.1999
908001 1.19376
909001 1.17322
910001 1.16369
911001 1.15493
912001 1.14783
913001 1.13562
914001 1.13116
915001 1.13419
916001 1.14437
917001 1.14615
918001 1.14144
919001 1.1724
920001 1.15948
921001 1.1624
922001 1.17782
923001 1.18608
924001 1.19631
925001 1.21829
926001 1.22993
927001 1.25465
928001 1.26865
929001 1.27822
930001 1.29716
931001 1.30975
932001 1.32256
933001 1.35178
934001 1.35615
935001 1.37336
936001 1.39252
937001 1.39488
938001 1.39801
939001 1.39206
940001 1.40741
941001 1.39928
942001 1.40883
943001 1.40082
944001 1.40863
945001 1.40365
946001 1.40022
947001 1.38967
948001 1.38754
949001 1.3805
950001 1.36926
951001 1.35032
952001 1.32561
953001 1.3013
954001 1.27024
955001 1.24408
956001 1.22129
957001 1.20414
958001 1.18606
959001 1.176
960001 1.16601
961001 1.1456
962001 1.11849
963001 1.11695
964001 1.08841
965001 1.09172
966001 1.08129
967001 1.09325
968001 1.0992
969001 1.10254
970001 1.1248
971001 1.11277
972001 1.1279
973001 1.14616
974001 1.15215
975001 1.16777
976001 1.18259
977001 1.19825
978001 1.20893
979001 1.22981
980001 1.24113
981001 1.27028
982001 1.28241
983001 1.29571
984001 1.30608
985001 1.32413
986001 1.33164
987001 1.3572
988001 1.34488
989001 1.36108
990001 1.35137
991001 1.35526
992001 1.35729
993001 1.35982
994001 1.38447
995001 1.37588
996001 1.36568
997001 1.36721
998001 1.35709
999001 1.34312
1000001 1.32701
1001001 1.30617
1002001 1.28129
1003001 1.26163
1004001 1.24201
1005001 1.22549
1006001 1.21695
1007001 1.19992
1008001 1.1938
1009001 1.18059
1010001 1.16944
1011001 1.158
1012001 1.14964
1013001 1.13934
1014001 1.13515
1015001 1.14042
1016001 1.13578
1017001 1.14162
1018001 1.15057
1019001 1.15292
1020001 1.15685
1021001 1.16569
1022001 1.15917
1023001 1.17461
1024001 1.19598
1025001 1.20068
1026001 1.21573
1027001 1.23391
1028001 1.25028
1029001 1.27629
1030001 1.2867
1031001 1.30046
1032001 1.3173
1033001 1.33442
1034001 1.35067
1035001 1.37129
1036001 1.37057
1037001 1.39165
1038001 1.3975
1039001 1.39556
1040001 1.40606
1041001 1.4041
1042001 1.40764
1043001 1.40282
1044001 1.39776
1045001 1.41422
1046001 1.40566
1047001 1.39373
1048001 1.39311
1049001 1.38867
1050001 1.37519
1051001 1.36263
1052001 1.33828
1053001 1.31911
1054001 1.29287
1055001 1.27421
1056001 1.23411
1057001 1.21289
1058001 1.19786
1059001 1.18483
1060001 1.17837
1061001 1.15955
1062001 1.13334
1063001 1.1166
1064001 1.11477
1065001 1.08992
1066001 1.08404
1067001 1.09585
1068001 1.09599
1069001 1.09563
1070001 1.1079
1071001 1.11958
1072001 1.11677
1073001 1.12776
1074001 1.15072
1075001 1.15906
1076001 1.16799
1077001 1.18014
1078001 1.19627
1079001 1.21571
1080001 1.22993
1081001 1.24628
1082001 1.27629
1083001 1.28059
1084001 1.29651
1085001 1.31386
1086001 1.32777
1087001 1.33857
1088001 1.35027
1089001 1.34894
1090001 1.35933
1091001 1.35329
1092001 1.35647
1093001 1.35901
1094001 1.36354
1095001 1.36851
1096001 1.37628
1097001 1.36351
1098001 1.36381
1099001 1.34679
1100001 1.33498
1101001 1.31338
1102001 1.29528
1103001 1.27586
1104001 1.25567
1105001 1.23707
1106001 1.22738
1107001 1.21611
1108001 1.19806
1109001 1.20888
1110001 1.18114
1111001 1.16349
1112001 1.16191
1113001 1.13934
1114001 1.1411
1115001 1.12962
1116001 1.15479
1117001 1.13684
1118001 1.15204
1119001 1.14857
1120001 1.15397
1121001 1.17251
1122001 1.15957
1123001 1.1627
1124001 1.17271
1125001 1.19804
1126001 1.20694
1127001 1.22468
1128001 1.24106
1129001 1.26058
1130001 1.27522
1131001 1.29392
1132001 1.31185
1133001 1.32905
1134001 1.34099
1135001 1.35823
1136001 1.37032
1137001 1.37996
1138001 1.38771
1139001 1.38944
1140001 1.39114
1141001 1.40067
1142001 1.40569
1143001 1.39912
1144001 1.39963
1145001 1.40937
1146001 1.40216
1147001 1.39559
1148001 1.39945
1149001 1.40737
1150001 1.38167
1151001 1.37002
1152001 1.35819
1153001 1.34188
1154001 1.31007
1155001 1.28849
1156001 1.25799
1157001 1.23296
1158001 1.20932
1159001 1.19575
1160001 1.17875
1161001 1.16145
1162001 1.15665
1163001 1.1412
1164001 1.10406
1165001 1.09006
1166001 1.08992
1167001 1.09285
1168001 1.09964
1169001 1.08885
1170001 1.113
1171001 1.10219
1172001 1.1164
1173001 1.13244
1174001 1.12761
1175001 1.14378
1176001 1.1612
1177001 1.17064
1178001 1.18532
1179001 1.19974
1180001 1.21782
1181001 1.23711
1182001 1.25572
1183001 1.27415
1184001 1.28597
1185001 1.30271
1186001 1.31452
1187001 1.3352
1188001 1.34095
1189001 1.35012
1190001 1.34646
1191001 1.35818
1192001 1.35185
1193001 1.35923
1194001 1.35977
1195001 1.35158
1196001 1.36651
1197001 1.38231
1198001 1.36834
1199001 1.35532
1200001 1.34567
1201001 1.3403
1202001 1.30723
1203001 1.29432
1204001 1.26867
1205001 1.2541
1206001 1.2332
1207001 1.22167
1208001 1.20202
1209001 1.1991
1210001 1.19122
1211001 1.16868
1212001 1.16512
1213001 1.15347
1214001 1.14369
1215001 1.13454
1216001 1.12714
1217001 1.13834
1218001 1.13825
1219001 1.13761
1220001 1.14362
1221001 1.17363
1222001 1.15604
1223001 1.16271
1224001 1.17386
1225001 1.17896
1226001 1.19887
1227001 1.21229
1228001 1.23121
1229001 1.2545
1230001 1.26784
1231001 1.27964
1232001 1.29877
1233001 1.31537
1234001 1.32416
1235001 1.3521
1236001 1.35821
1237001 1.3725
1238001 1.39238
1239001 1.39439
1240001 1.40067
1241001 1.39126
1242001 1.40252
1243001 1.41037
1244001 1.40635
1245001 1.40232
1246001 1.40038
1247001 1.41671
1248001 1.39686
1249001 1.39142
1250001 1.39172
1251001 1.37887
1252001 1.36593
1253001 1.34871
1254001 1.32636
1255001 1.3118
1256001 1.27647
1257001 1.25045
1258001 1.22316
1259001 1.2089
1260001 1.1925
1261001 1.17392
1262001 1.16241
1263001 1.14601
1264001 1.12782
1265001 1.1151
1266001 1.09182
1267001 1.08621
1268001 1.08474
1269001 1.08837
1270001 1.09279
1271001 1.09955
1272001 1.11829
1273001 1.12104
1274001 1.12548
1275001 1.14279
1276001 1.1475
1277001 1.15983
1278001 1.1773
1279001 1.19224
1280001 1.20735
1281001 1.2254
1282001 1.23559
1283001 1.269
1284001 1.27928
1285001 1.2926
1286001 1.30077
1287001 1.32744
1288001 1.33172
1289001 1.34184
1290001 1.35317
1291001 1.35474
1292001 1.35861
1293001 1.35383
1294001 1.35527
1295001 1.36641
1296001 1.36403
1297001 1.37227
1298001 1.36328
1299001 1.36789
1300001 1.35596
1301001 1.34584
1302001 1.32688
1303001 1.30986
1304001 1.27857
1305001 1.26454
1306001 1.24592
1307001 1.23069
1308001 1.21951
1309001 1.20515
1310001 1.19435
1311001 1.18302
1312001 1.1683
1313001 1.16214
1314001 1.14901
1315001 1.13935
1316001 1.13982
1317001 1.13884
1318001 1.13528
1319001 1.14329
1320001 1.1513
1321001 1.14448
1322001 1.15594
1323001 1.15928
1324001 1.15388
1325001 1.18205
1326001 1.19505
1327001 1.19711
1328001 1.21134
1329001 1.23504
1330001 1.25131
1331001 1.2722
1332001 1.28529
1333001 1.29699
1334001 1.31277
1335001 1.33134
1336001 1.3478
1337001 1.36711
1338001 1.37545
1339001 1.38697
1340001 1.39545
1341001 1.39659
1342001 1.40487
1343001 1.40795
1344001 1.40366
1345001 1.40055
1346001 1.3978
1347001 1.40549
1348001 1.40618
1349001 1.39461
1350001 1.39229
1351001 1.38534
1352001 1.37343
1353001 1.3649
1354001 1.34507
1355001 1.31916
1356001 1.29629
1357001 1.27434
1358001 1.23946
1359001 1.22068
1360001 1.20465
1361001 1.18985
1362001 1.18288
1363001 1.1583
1364001 1.13644
1365001 1.11868
1366001 1.10729
1367001 1.09358
1368001 1.07895
1369001 1.08944
1370001 1.0985
1371001 1.09811
1372001 1.10496
1373001 1.11814
1374001 1.11612
1375001 1.12762
1376001 1.14946
1377001 1.15301
1378001 1.16908
1379001 1.17718
1380001 1.19425
1381001 1.21355
1382001 1.22803
1383001 1.24055
1384001 1.26873
1385001 1.27631
1386001 1.29763
1387001 1.31448
1388001 1.33071
1389001 1.34577
1390001 1.34987
1391001 1.34705
1392001 1.35654
1393001 1.35332
1394001 1.3533
1395001 1.3542
1396001 1.36037
1397001 1.38311
1398001 1.37816
1399001 1.36541
1400001 1.36288
1401001 1.3476
1402001 1.3387
1403001 1.31845
1404001 1.30275
1405001 1.27369
1406001 1.25303
1407001 1.23683
1408001 1.23133
1409001 1.21978
1410001 1.20133
1411001 1.20056
1412001 1.1839
1413001 1.16561
1414001 1.16062
1415001 1.15325
1416001 1.13668
1417001 1.13513
1418001 1.14565
1419001 1.13981
1420001 1.1494
1421001 1.15414
1422001 1.15477
1423001 1.16759
1424001 1.15977
1425001 1.15962
1426001 1.18075
1427001 1.19588
1428001 1.20546
1429001 1.22351
1430001 1.23768
1431001 1.25737
1432001 1.27824
1433001 1.29045
1434001 1.30682
1435001 1.31962
1436001 1.33249
1437001 1.35098
1438001 1.37186
1439001 1.38029
1440001 1.38786
1441001 1.38679
1442001 1.39653
1443001 1.39873
1444001 1.4073
1445001 1.40769
1446001 1.3994
1447001 1.40866
1448001 1.40952
1449001 1.40286
1450001 1.39995
1451001 1.40796
1452001 1.38635
1453001 1.37032
1454001 1.3594
1455001 1.34491
1456001 1.30982
1457001 1.28633
1458001 1.26557
1459001 1.23715
1460001 1.21218
1461001 1.19186
1462001 1.18598
1463001 1.16798
1464001 1.15799
1465001 1.13875
1466001 1.11199
1467001 1.09062
1468001 1.08501
1469001 1.09456
1470001 1.09895
1471001 1.09125
1472001 1.10955
1473001 1.10269
1474001 1.11464
1475001 1.12241
1476001 1.1243
1477001 1.14359
1478001 1.16509
1479001 1.16833
1480001 1.1814
1481001 1.20187
1482001 1.21768
1483001 1.23205
1484001 1.25229
1485001 1.27276
1486001 1.2797
1487001 1.29812
1488001 1.31127
1489001 1.32945
1490001 1.34428
1491001 1.34767
1492001 1.35063
1493001 1.35709
1494001 1.35323
1495001 1.35763
1496001 1.36011
1497001 1.36016
1498001 1.36677
1499001 1.38182
1500001 1.36638
1501001 1.36044
1502001 1.35045
1503001 1.34204
1504001 1.30868
1505001 1.29824
1506001 1.26975
1507001 1.25319
1508001 1.23604
1509001 1.22377
1510001 1.2064
1511001 1.19671
1512001 1.20748
1513001 1.17697
1514001 1.15752
1515001 1.15032
1516001 1.14259
1517001 1.13415
1518001 1.12593
1519001 1.15676
1520001 1.13911
1521001 1.13697
1522001 1.14123
1523001 1.15636
1524001 1.16853
1525001 1.16136
1526001 1.17227
1527001 1.17965
1528001 1.19674
1529001 1.20637
1530001 1.22715
1531001 1.25082
1532001 1.2691
1533001 1.27978
1534001 1.30355
1535001 1.31554
1536001 1.33757
1537001 1.34252
1538001 1.3591
1539001 1.3683
1540001 1.38435
1541001 1.39621
1542001 1.39631
1543001 1.39156
1544001 1.40086
1545001 1.41557
1546001 1.39997
1547001 1.39895
1548001 1.398
1549001 1.41788
1550001 1.39715
1551001 1.39263
1552001 1.39288
1553001 1.37907
1554001 1.36637
1555001 1.35474
1556001 1.33566
1557001 1.30987
1558001 1.27983
1559001 1.25157
1560001 1.22826
1561001 1.20698
1562001 1.19216
1563001 1.17493
1564001 1.16057
1565001 1.1528
1566001 1.12766
1567001 1.10269
1568001 1.09145
1569001 1.09052
1570001 1.08268
1571001 1.0913
1572001 1.08972
1573001 1.10112
1574001 1.11157
1575001 1.11877
1576001 1.13305
1577001 1.13954
1578001 1.14714
1579001 1.16147
1580001 1.1767
1581001 1.19068
1582001 1.20694
1583001 1.22265
1584001 1.23516
1585001 1.25702
1586001 1.2744
1587001 1.29087
1588001 1.29994
1589001 1.32419
1590001 1.33155
1591001 1.34073
1592001 1.35276
1593001 1.35165
1594001 1.35965
1595001 1.35399
1596001 1.35279
1597001 1.36288
1598001 1.35123
1599001 1.36753
1600001 1.3714
1601001 1.36554
1602001 1.35323
1603001 1.34726
1604001 1.32783
1605001 1.30577
1606001 1.28737
1607001 1.26719
1608001 1.24431
1609001 1.22991
1610001 1.21682
1611001 1.20295
1612001 1.19433
1613001 1.18602
1614001 1.17216
1615001 1.16119
1616001 1.14794
1617001 1.14276
1618001 1.1368
1619001 1.14272
1620001 1.13472
1621001 1.13496
1622001 1.14879
1623001 1.14112
1624001 1.1701
1625001 1.15842
1626001 1.15184
1627001 1.17948
1628001 1.18699
1629001 1.19578
1630001 1.22056
1631001 1.23812
1632001 1.2496
1633001 1.26997
1634001 1.28344
1635001 1.29735
1636001 1.31325
1637001 1.32444
1638001 1.34735
1639001 1.3622
1640001 1.37455
1641001 1.38395
1642001 1.39476
1643001 1.39738
1644001 1.39474
1645001 1.40591
1646001 1.4012
1647001 1.40581
1648001 1.40073
1649001 1.40444
1650001 1.40336
1651001 1.39935
1652001 1.39079
1653001 1.38767
1654001 1.3779
1655001 1.37111
1656001 1.34347
1657001 1.3265
1658001 1.30188
1659001 1.27009
1660001 1.23917
1661001 1.22115
1662001 1.20452
1663001 1.18844
1664001 1.17728
1665001 1.16085
1666001 1.14573
1667001 1.11621
1668001 1.11283
1669001 1.08955
1670001 1.09143
1671001 1.08917
1672001 1.09743
1673001 1.09954
1674001 1.10284
1675001 1.12405
1676001 1.11314
1677001 1.12953
1678001 1.14358
1679001 1.15287
1680001 1.16405
1681001 1.18252
1682001 1.19479
1683001 1.20818
1684001 1.23326
1685001 1.24171
1686001 1.26439
1687001 1.27635
1688001 1.30165
1689001 1.30967
1690001 1.32969
1691001 1.34059
1692001 1.35421
1693001 1.34631
1694001 1.35746
1695001 1.35136
1696001 1.35631
1697001 1.35216
1698001 1.35987
1699001 1.38632
1700001 1.37722
1701001 1.36203
1702001 1.36409
1703001 1.35651
1704001 1.33691
1705001 1.32714
1706001 1.29914
1707001 1.27258
1708001 1.26185
1709001 1.23867
1710001 1.23011
1711001 1.21761
1712001 1.19889
1713001 1.19852
1714001 1.17938
1715001 1.17069
1716001 1.15822
1717001 1.15207
1718001 1.1359
1719001 1.13744
1720001 1.13633
1721001 1.13724
1722001 1.15146
1723001 1.14917
1724001 1.15811
1725001 1.1604
1726001 1.16787
1727001 1.16047
1728001 1.17726
1729001 1.19693
1730001 1.20327
1731001 1.21557
1732001 1.23508
1733001 1.25248
1734001 1.27473
1735001 1.28603
1736001 1.30233
1737001 1.3217
1738001 1.33515
1739001 1.35453
1740001 1.37028
1741001 1.37432
1742001 1.38906
1743001 1.39782
1744001 1.39479
1745001 1.40865
1746001 1.40329
1747001 1.40975
1748001 1.40147
1749001 1.41082
1750001 1.40852
1751001 1.40469
1752001 1.39516
1753001 1.39972
1754001 1.38952
1755001 1.37434
1756001 1.36395
1757001 1.34254
1758001 1.31391
1759001 1.29319
1760001 1.27462
1761001 1.23628
1762001 1.21297
1763001 1.19509
1764001 1.18469
1765001 1.1655
1766001 1.15798
1767001 1.13035
1768001 1.1151
1769001 1.1056
1770001 1.09045
1771001 1.08196
1772001 1.09586
1773001 1.09449
1774001 1.09699
1775001 1.10373
1776001 1.11155
1777001 1.11795
1778001 1.13113
1779001 1.14772
1780001 1.16511
1781001 1.16635
1782001 1.18089
1783001 1.1995
1784001 1.21443
1785001 1.23089
1786001 1.24873
1787001 1.27381
1788001 1.28093
1789001 1.29677
1790001 1.31466
1791001 1.32849
1792001 1.33812
1793001 1.34769
1794001 1.35019
1795001 1.35654
1796001 1.35482
1797001 1.35898
1798001 1.36455
1799001 1.35693
1800001 1.37232
1801001 1.37672
1802001 1.36759
1803001 1.35746
1804001 1.34707
1805001 1.34256
1806001 1.3135
1807001 1.29514
1808001 1.26943
1809001 1.25826
1810001 1.24022
1811001 1.2278
1812001 1.21346
1813001 1.19646
1814001 1.20733
1815001 1.17818
1816001 1.15565
1817001 1.1611
1818001 1.14189
1819001 1.13575
1820001 1.12902
1821001 1.15959
1822001 1.13771
1823001 1.15099
1824001 1.13942
1825001 1.15438
1826001 1.17017
1827001 1.16224
1828001 1.17039
1829001 1.17748
1830001 1.20079
1831001 1.20658
1832001 1.2281
1833001 1.24219
1834001 1.26471
1835001 1.27574
1836001 1.29806
1837001 1.30785
1838001 1.33162
1839001 1.34187
1840001 1.35478
1841001 1.37406
1842001 1.38296
1843001 1.3916
1844001 1.39504
1845001 1.38899
1846001 1.39822
1847001 1.41238
1848001 1.3996
1849001 1.40411
1850001 1.40119
1851001 1.4136
1852001 1.39641
1853001 1.40249
1854001 1.40081
1855001 1.38371
1856001 1.36624
1857001 1.35863
1858001 1.33522
1859001 1.30569
1860001 1.29324
1861001 1.25746
1862001 1.23397
1863001 1.21097
1864001 1.19762
1865001 1.18127
1866001 1.16231
1867001 1.15481
1868001 1.13742
1869001 1.10374
1870001 1.09622
1871001 1.09017
1872001 1.08851
1873001 1.09097
1874001 1.0886
1875001 1.11496
1876001 1.10238
1877001 1.11752
1878001 1.13173
1879001 1.12982
1880001 1.14541
1881001 1.16362
1882001 1.17445
1883001 1.18723
1884001 1.20264
1885001 1.21935
1886001 1.23474
1887001 1.2558
1888001 1.27038
1889001 1.28574
1890001 1.30047
1891001 1.31544
1892001 1.33806
1893001 1.34055
1894001 1.35096
1895001 1.34772
1896001 1.3609
1897001 1.35304
1898001 1.35957
1899001 1.35874
1900001 1.34992
1901001 1.36771
1902001 1.38363
1903001 1.37379
1904001 1.35318
1905001 1.34653
1906001 1.33042
1907001 1.30723
1908001 1.28915
1909001 1.26686
1910001 1.2465
1911001 1.23357
1912001 1.22382
1913001 1.20445
1914001 1.19899
1915001 1.19153
1916001 1.17063
1917001 1.16438
1918001 1.15393
1919001 1.14696
1920001 1.13428
1921001 1.12911
1922001 1.13283
1923001 1.14211
1924001 1.13945
1925001 1.14344
1926001 1.1678
1927001 1.15757
1928001 1.16098
1929001 1.17735
1930001 1.18406
1931001 1.19775
1932001 1.21616
1933001 1.23012
1934001 1.25241
1935001 1.26954
1936001 1.27785
1937001 1.29588
1938001 1.30905
1939001 1.32108
1940001 1.35124
1941001 1.35696
1942001 1.37385
1943001 1.39439
1944001 1.3942
1945001 1.40057
1946001 1.39121
1947001 1.40256
1948001 1.39983
1949001 1.40776
1950001 1.40175
1951001 1.4065
1952001 1.40418
1953001 1.39993
1954001 1.39056
1955001 1.3887
1956001 1.38194
1957001 1.36614
1958001 1.34983
1959001 1.32527
1960001 1.30156
1961001 1.27002
1962001 1.2525
1963001 1.22533
1964001 1.2097
1965001 1.19254
1966001 1.17613
1967001 1.16514
1968001 1.14523
1969001 1.11722
1970001 1.11636
1971001 1.08715
1972001 1.08835
1973001 1.08375
1974001 1.09216
1975001 1.09742
1976001 1.10214
1977001 1.12372
1978001 1.11818
1979001 1.12761
1980001 1.14446
1981001 1.1495
1982001 1.16312
1983001 1.18167
1984001 1.197
1985001 1.20834
1986001 1.22832
1987001 1.2391
1988001 1.27014
1989001 1.2799
1990001 1.29348
1991001 1.30432
1992001 1.32359
1993001 1.33182
1994001 1.35278
1995001 1.34555
1996001 1.35888
1997001 1.3522
1998001 1.35434
1999001 1.35575
