1 82.0158
1001 59.8345
2001 59.6123
3001 59.2764
4001 58.8876
5001 58.5213
6001 58.2205
7001 57.9584
8001 57.7328
9001 57.5083
10001 57.3325
11001 57.1898
12001 57.009
13001 56.8773
14001 56.7314
15001 56.5849
16001 56.4182
17001 56.2871
18001 56.1484
19001 55.9966
20001 55.7989
21001 55.6005
22001 55.3493
23001 55.0829
24001 54.8203
25001 54.5437
26001 54.2718
27001 54.0135
28001 53.7742
29001 53.5115
30001 53.3006
31001 53.1004
32001 52.8828
33001 52.6746
34001 52.4821
35001 52.287
36001 52.114
37001 51.934
38001 51.7545
39001 51.5269
40001 51.3263
41001 51.1172
42001 50.8731
43001 50.6281
44001 50.336
45001 50.0298
46001 49.6626
47001 49.1793
48001 48.6897
49001 48.2623
50001 47.9219
51001 47.6703
52001 47.491
53001 47.3695
54001 47.2444
55001 47.1137
56001 46.9542
57001 46.8023
58001 46.6653
59001 46.5133
60001 46.3539
61001 46.1511
62001 45.9859
63001 45.8288
64001 45.6893
65001 45.5379
66001 45.4206
67001 45.3067
68001 45.2043
69001 45.1044
70001 45.0061
71001 44.9033
72001 44.804
73001 44.6848
74001 44.5399
75001 44.3641
76001 44.1636
77001 43.9631
78001 43.7555
79001 43.5483
80001 43.3535
81001 43.1843
82001 42.9831
83001 42.8197
84001 42.6651
85001 42.5426
86001 42.4217
87001 42.2888
88001 42.1861
89001 42.0878
90001 41.9507
91001 41.8251
92001 41.6646
93001 41.4985
94001 41.3106
95001 41.1204
96001 40.9208
97001 40.7551
98001 40.5973
99001 40.4926
100001 40.4143
101001 40.3443
102001 40.2037
103001 40.0269
104001 39.8063
105001 39.5987
106001 39.4609
107001 39.3189
108001 39.2011
109001 39.1166
110001 39.009
111001 38.9466
112001 38.8723
113001 38.8095
114001 38.7446
115001 38.6809
116001 38.619
117001 38.5576
118001 38.503
119001 38.448
120001 38.4007
121001 38.3167
122001 38.2295
123001 38.1471
124001 38.0615
125001 37.9561
126001 37.839
127001 37.7048
128001 37.567
129001 37.4403
130001 37.2785
131001 37.1414
132001 36.9914
133001 36.8359
134001 36.7305
135001 36.6187
136001 36.514
137001 36.4309
138001 36.3572
139001 36.3076
140001 36.2287
141001 36.1441
142001 36.0432
143001 35.9296
144001 35.8194
145001 35.7103
146001 35.6081
147001 35.4773
148001 35.3447
149001 35.2291
150001 35.1337
151001 35.0484
152001 34.9812
153001 34.9136
154001 34.8414
155001 34.7727
156001 34.7087
157001 34.6338
158001 34.5524
159001 34.4605
160001 34.3735
161001 34.286
162001 34.1941
163001 34.1367
164001 34.0755
165001 34.0307
166001 33.9746
167001 33.9339
168001 33.8929
169001 33.8537
170001 33.809
171001 33.7524
172001 33.6899
173001 33.6122
174001 33.5333
175001 33.423
176001 33.2793
177001 33.1524
178001 33.0449
179001 32.9343
180001 32.8403
181001 32.7406
182001 32.6522
183001 32.5635
184001 32.4693
185001 32.3889
186001 32.3141
187001 32.2502
188001 32.1953
189001 32.1561
190001 32.115
191001 32.0574
192001 31.9924
193001 31.9346
194001 31.8676
195001 31.8028
196001 31.7443
197001 31.7008
198001 31.5903
199001 31.5171
200001 31.4271
201001 31.31
202001 31.2041
203001 31.0578
204001 30.9016
205001 30.7777
206001 30.665
207001 30.595
208001 30.5306
209001 30.4691
210001 30.4197
211001 30.3731
212001 30.3384
213001 30.2968
214001 30.2815
215001 30.2457
216001 30.2199
217001 30.1955
218001 30.1651
219001 30.1545
220001 30.122
221001 30.0966
222001 30.0625
223001 30.0293
224001 29.989
225001 29.9374
226001 29.8718
227001 29.7949
228001 29.7095
229001 29.6227
230001 29.5351
231001 29.4117
232001 29.2666
233001 29.1434
234001 29.0254
235001 28.952
236001 28.8887
237001 28.8478
238001 28.7832
239001 28.7297
240001 28.7072
241001 28.6658
242001 28.6158
243001 28.5706
244001 28.5209
245001 28.4536
246001 28.3875
247001 28.3194
248001 28.2491
249001 28.1864
250001 28.1249
251001 28.0652
252001 28.0084
253001 27.9611
254001 27.9056
255001 27.8523
256001 27.7919
257001 27.7218
258001 27.6639
259001 27.5996
260001 27.5433
261001 27.4881
262001 27.4515
263001 27.4198
264001 27.3868
265001 27.3574
266001 27.3346
267001 27.3028
268001 27.272
269001 27.2307
270001 27.1972
271001 27.1523
272001 27.1033
273001 27.0513
274001 26.9821
275001 26.9037
276001 26.8315
277001 26.7593
278001 26.7035
279001 26.645
280001 26.6127
281001 26.5612
282001 26.5087
283001 26.4324
284001 26.3641
285001 26.2917
286001 26.2451
287001 26.2025
288001 26.1689
289001 26.145
290001 26.128
291001 26.0895
292001 26.0598
293001 26.0309
294001 25.9939
295001 25.943
296001 25.8949
297001 25.8502
298001 25.7869
299001 25.7137
300001 25.6267
301001 25.519
302001 25.4139
303001 25.3406
304001 25.2604
305001 25.1842
306001 25.1144
307001 25.0715
308001 25.0483
309001 24.9783
310001 24.9336
311001 24.9065
312001 24.88
313001 24.8795
314001 24.8434
315001 24.8547
316001 24.8416
317001 24.825
318001 24.827
319001 24.8109
320001 24.7956
321001 24.7827
322001 24.7606
323001 24.7406
324001 24.7141
325001 24.6702
326001 24.6172
327001 24.5681
328001 24.5219
329001 24.4642
330001 24.4074
331001 24.3698
332001 24.3042
333001 24.2374
334001 24.1424
335001 24.0416
336001 23.9777
337001 23.9237
338001 23.8875
339001 23.8497
340001 23.8302
341001 23.8259
342001 23.7954
343001 23.766
344001 23.7142
345001 23.6831
346001 23.6246
347001 23.5893
348001 23.5618
349001 23.5015
350001 23.4741
351001 23.4229
352001 23.3831
353001 23.3607
354001 23.3103
355001 23.2662
356001 23.2101
357001 23.1617
358001 23.1173
359001 23.0669
360001 23.0319
361001 22.9954
362001 22.9695
363001 22.9585
364001 22.9288
365001 22.9094
366001 22.8943
367001 22.8638
368001 22.8338
369001 22.8106
370001 22.7852
371001 22.7609
372001 22.7267
373001 22.6993
374001 22.6537
375001 22.5936
376001 22.5488
377001 22.5064
378001 22.4634
379001 22.4236
380001 22.3686
381001 22.3323
382001 22.2852
383001 22.2311
384001 22.177
385001 22.1431
386001 22.0881
387001 22.0471
388001 22.017
389001 21.9947
390001 21.991
391001 21.9894
392001 21.951
393001 21.9269
394001 21.8965
395001 21.8762
396001 21.8371
397001 21.8061
398001 21.7691
399001 21.7322
400001 21.6476
401001 21.5891
402001 21.5276
403001 21.4847
404001 21.4502
405001 21.4037
406001 21.3488
407001 21.3042
408001 21.3163
409001 21.2462
410001 21.2063
411001 21.1926
412001 21.181
413001 21.1825
414001 21.1719
415001 21.1508
416001 21.1701
417001 21.1654
418001 21.1461
419001 21.1283
420001 21.121
421001 21.1138
422001 21.1031
423001 21.0637
424001 21.0406
425001 21.0022
426001 20.9595
427001 20.9248
428001 20.8859
429001 20.847
430001 20.8107
431001 20.8007
432001 20.738
433001 20.7055
434001 20.6634
435001 20.6032
436001 20.5583
437001 20.4962
438001 20.4666
439001 20.4416
440001 20.4203
441001 20.4307
442001 20.4036
443001 20.3727
444001 20.3493
445001 20.3241
446001 20.3015
447001 20.2806
448001 20.2719
449001 20.2352
450001 20.2052
451001 20.1954
452001 20.1622
453001 20.1391
454001 20.1135
455001 20.0832
456001 20.0483
457001 20.0101
458001 19.9682
459001 19.9429
460001 19.9048
461001 19.8846
462001 19.8634
463001 19.8518
464001 19.8314
465001 19.8192
466001 19.8111
467001 19.8063
468001 19.7885
469001 19.7701
470001 19.7536
471001 19.7349
472001 19.7047
473001 19.6641
474001 19.6297
475001 19.589
476001 19.5519
477001 19.5126
478001 19.4698
479001 19.4231
480001 19.367
481001 19.3132
482001 19.2911
483001 19.2443
484001 19.2109
485001 19.1789
486001 19.1542
487001 19.1334
488001 19.1068
489001 19.0968
490001 19.082
491001 19.087
492001 19.0912
493001 19.0773
494001 19.0415
495001 19.0377
496001 19.025
497001 19.0014
498001 18.9795
499001 19.0304
500001 18.9265
501001 18.884
502001 18.8571
503001 18.8246
504001 18.7983
505001 18.7767
506001 18.7287
507001 18.6864
508001 18.6555
509001 18.655
510001 18.6414
511001 18.6267
512001 18.651
513001 18.6116
514001 18.6133
515001 18.5919
516001 18.6115
517001 18.6044
518001 18.5977
519001 18.5818
520001 18.567
521001 18.5626
522001 18.5243
523001 18.5157
524001 18.4826
525001 18.4654
526001 18.4332
527001 18.4024
528001 18.3804
529001 18.3479
530001 18.3158
531001 18.2859
532001 18.273
533001 18.2453
534001 18.1954
535001 18.1438
536001 18.0982
537001 18.0779
538001 18.0621
539001 18.0596
540001 18.0253
541001 18.0075
542001 18.0186
543001 18.0116
544001 17.9983
545001 17.9961
546001 17.9839
547001 17.968
548001 17.9461
549001 17.9366
550001 17.9242
551001 17.9054
552001 17.8923
553001 17.874
554001 17.8485
555001 17.8355
556001 17.7942
557001 17.7569
558001 17.73
559001 17.6964
560001 17.6845
561001 17.6611
562001 17.6395
563001 17.6206
564001 17.6115
565001 17.5995
566001 17.599
567001 17.5907
568001 17.5842
569001 17.5644
570001 17.5558
571001 17.5272
572001 17.5047
573001 17.4756
574001 17.4442
575001 17.4152
576001 17.3898
577001 17.3522
578001 17.3095
579001 17.2719
580001 17.2394
581001 17.1954
582001 17.189
583001 17.1574
584001 17.1411
585001 17.1329
586001 17.122
587001 17.1113
588001 17.0991
589001 17.0927
590001 17.0883
591001 17.0753
592001 17.0865
593001 17.0846
594001 17.0778
595001 17.0671
596001 17.0705
597001 17.0467
598001 17.0341
599001 17.0699
600001 17.009
601001 16.9921
602001 16.9704
603001 16.9469
604001 16.9145
605001 16.891
606001 16.8694
607001 16.8389
608001 16.8229
609001 16.8228
610001 16.8626
611001 16.8119
612001 16.795
613001 16.7906
614001 16.7824
615001 16.7977
616001 16.7646
617001 16.7881
618001 16.7773
619001 16.7569
620001 16.7672
621001 16.7451
622001 16.7379
623001 16.7268
624001 16.7084
625001 16.6899
626001 16.6871
627001 16.6652
628001 16.6523
629001 16.6384
630001 16.6122
631001 16.5866
632001 16.561
633001 16.548
634001 16.5075
635001 16.489
636001 16.4657
637001 16.4518
638001 16.4371
639001 16.4218
640001 16.4079
641001 16.3948
642001 16.3978
643001 16.4209
644001 16.4277
645001 16.4213
646001 16.4137
647001 16.4111
648001 16.3871
649001 16.3799
650001 16.3611
651001 16.3465
652001 16.349
653001 16.3119
654001 16.2855
655001 16.2711
656001 16.2224
657001 16.1881
658001 16.1541
659001 16.1196
660001 16.1004
661001 16.085
662001 16.0745
663001 16.0691
664001 16.0425
665001 16.0317
666001 16.0288
667001 16.0285
668001 16.0193
669001 15.9991
670001 15.9943
671001 15.9776
672001 15.9614
673001 15.9404
674001 15.9202
675001 15.9047
676001 15.8867
677001 15.8653
678001 15.8362
679001 15.8098
680001 15.7936
681001 15.7822
682001 15.7644
683001 15.7683
684001 15.7643
685001 15.765
686001 15.7524
687001 15.7603
688001 15.7416
689001 15.7296
690001 15.7214
691001 15.7137
692001 15.7234
693001 15.7433
694001 15.7256
695001 15.7231
696001 15.7163
697001 15.7136
698001 15.6931
699001 15.6846
700001 15.6835
701001 15.6595
702001 15.6298
703001 15.6116
704001 15.5845
705001 15.5536
706001 15.5483
707001 15.5344
708001 15.5156
709001 15.4963
710001 15.5729
711001 15.5214
712001 15.5039
713001 15.4931
714001 15.486
715001 15.5005
716001 15.4954
717001 15.4704
718001 15.498
719001 15.4976
720001 15.4895
721001 15.4782
722001 15.489
723001 15.4869
724001 15.4687
725001 15.4561
726001 15.4513
727001 15.4411
728001 15.4357
729001 15.4266
730001 15.4166
731001 15.4029
732001 15.3815
733001 15.3981
734001 15.3593
735001 15.3488
736001 15.342
737001 15.3361
738001 15.3138
739001 15.3043
740001 15.3041
741001 15.2917
742001 15.2891
743001 15.3325
744001 15.3274
745001 15.3142
746001 15.3127
747001 15.2986
748001 15.2858
749001 15.271
750001 15.2778
751001 15.2774
752001 15.2268
753001 15.2227
754001 15.1826
755001 15.1479
756001 15.1163
757001 15.0894
758001 15.0525
759001 15.0358
760001 14.999
761001 15.0036
762001 14.9761
763001 14.9768
764001 14.9641
765001 14.9639
766001 14.9557
767001 14.943
768001 14.9565
769001 14.9595
770001 14.9507
771001 14.9387
772001 14.9268
773001 14.9303
774001 14.9116
775001 14.8974
776001 14.8956
777001 14.8825
778001 14.8677
779001 14.8504
780001 14.8398
781001 14.8312
782001 14.8308
783001 14.8106
784001 14.8176
785001 14.8106
786001 14.809
787001 14.8014
788001 14.7941
789001 14.7845
790001 14.7741
791001 14.7672
792001 14.7579
793001 14.7764
794001 14.7967
795001 14.7903
796001 14.7573
797001 14.7555
798001 14.7542
799001 14.7337
800001 14.7338
801001 14.8177
802001 14.7223
803001 14.6726
804001 14.6614
805001 14.6375
806001 14.6184
807001 14.6331
808001 14.6167
809001 14.6029
810001 14.596
811001 14.6728
812001 14.6137
813001 14.597
814001 14.6469
815001 14.6054
816001 14.6143
817001 14.6034
818001 14.642
819001 14.6425
820001 14.6469
821001 14.6515
822001 14.6493
823001 14.6325
824001 14.6268
825001 14.633
826001 14.6146
827001 14.6129
828001 14.6015
829001 14.5928
830001 14.5882
831001 14.5709
832001 14.5534
833001 14.5446
834001 14.5664
835001 14.5313
836001 14.5276
837001 14.5111
838001 14.4983
839001 14.5082
840001 14.4991
841001 14.4766
842001 14.4689
843001 14.4749
844001 14.5075
845001 14.5105
846001 14.4936
847001 14.4944
848001 14.4783
849001 14.4643
850001 14.4493
851001 14.4388
852001 14.4205
853001 14.3965
854001 14.3821
855001 14.3676
856001 14.3368
857001 14.3177
858001 14.2957
859001 14.276
860001 14.2726
861001 14.2572
862001 14.2544
863001 14.245
864001 14.2411
865001 14.2316
866001 14.2372
867001 14.2351
868001 14.2466
869001 14.2569
870001 14.2638
871001 14.2572
872001 14.2509
873001 14.243
874001 14.2367
875001 14.229
876001 14.2212
877001 14.2107
878001 14.2024
879001 14.1846
880001 14.1666
881001 14.156
882001 14.1539
883001 14.1302
884001 14.1181
885001 14.1311
886001 14.1175
887001 14.115
888001 14.1004
889001 14.0983
890001 14.0875
891001 14.0779
892001 14.0821
893001 14.0724
894001 14.092
895001 14.1043
896001 14.0844
897001 14.0792
898001 14.0844
899001 14.0665
900001 14.0702
901001 14.1131
902001 14.0467
903001 14.0509
904001 14.0274
905001 14.016
906001 13.9978
907001 13.9951
908001 14.003
909001 14.0055
910001 13.9908
911001 14.0036
912001 14.0057
913001 14.0108
914001 13.9969
915001 14.0074
916001 14.0052
917001 14.0358
918001 14.014
919001 14.0553
920001 14.0555
921001 14.0639
922001 14.0708
923001 14.0528
924001 14.0492
925001 14.0427
926001 14.03
927001 14.0233
928001 14.0236
929001 14.008
930001 14.0032
931001 13.9872
932001 13.9624
933001 13.9434
934001 13.9251
935001 13.9413
936001 13.9339
937001 13.8916
938001 13.8802
939001 13.8804
940001 13.876
941001 13.8657
942001 13.8924
943001 13.8566
944001 13.8594
945001 13.8938
946001 13.9028
947001 13.8865
948001 13.8865
949001 13.8777
950001 13.8633
951001 13.8464
952001 13.8451
953001 13.8318
954001 13.8156
955001 13.8077
956001 13.7971
957001 13.7796
958001 13.7844
959001 13.7722
960001 13.7588
961001 13.7482
962001 13.7419
963001 13.7659
964001 13.7472
965001 13.7589
966001 13.7366
967001 13.7439
968001 13.7555
969001 13.7549
970001 13.7578
971001 13.7641
972001 13.7746
973001 13.7592
974001 13.7444
975001 13.7362
976001 13.7161
977001 13.7049
978001 13.6921
979001 13.6798
980001 13.6603
981001 13.6437
982001 13.6295
983001 13.6239
984001 13.6041
985001 13.6115
986001 13.6001
987001 13.6096
988001 13.5988
989001 13.5891
990001 13.5903
991001 13.5808
992001 13.5726
993001 13.5731
994001 13.5908
995001 13.6182
996001 13.5969
997001 13.6049
998001 13.6099
999001 13.6106
1000001 13.599
1001001 13.5877
1002001 13.6066
1003001 13.5941
1004001 13.5765
1005001 13.5701
1006001 13.561
1007001 13.5484
1008001 13.5491
1009001 13.5551
1010001 13.5453
1011001 13.5343
1012001 13.6275
1013001 13.6143
1014001 13.5653
1015001 13.5534
1016001 13.5585
1017001 13.5593
1018001 13.5778
1019001 13.5575
1020001 13.5976
1021001 13.6026
1022001 13.5916
1023001 13.5875
1024001 13.602
1025001 13.5975
1026001 13.5838
1027001 13.5648
1028001 13.5559
1029001 13.5502
1030001 13.5416
1031001 13.526
1032001 13.5099
1033001 13.491
1034001 13.4663
1035001 13.4884
1036001 13.4488
1037001 13.4315
1038001 13.4362
1039001 13.4318
1040001 13.4134
1041001 13.4045
1042001 13.4116
1043001 13.4146
1044001 13.4051
1045001 13.4545
1046001 13.459
1047001 13.453
1048001 13.463
1049001 13.4508
1050001 13.4676
1051001 13.4363
1052001 13.4451
1053001 13.4628
1054001 13.4174
1055001 13.4289
1056001 13.4064
1057001 13.3964
1058001 13.3911
1059001 13.3884
1060001 13.3785
1061001 13.3677
1062001 13.3523
1063001 13.3702
1064001 13.3536
1065001 13.3557
1066001 13.3438
1067001 13.3399
1068001 13.3555
1069001 13.3442
1070001 13.3577
1071001 13.3658
1072001 13.359
1073001 13.3522
1074001 13.3436
1075001 13.3422
1076001 13.317
1077001 13.3004
1078001 13.2999
1079001 13.2915
1080001 13.2694
1081001 13.2538
1082001 13.2415
1083001 13.23
1084001 13.2283
1085001 13.2086
1086001 13.2187
1087001 13.2195
1088001 13.2229
1089001 13.2166
1090001 13.2295
1091001 13.2104
1092001 13.2055
1093001 13.206
1094001 13.2013
1095001 13.2308
1096001 13.2665
1097001 13.2424
1098001 13.2417
1099001 13.252
1100001 13.2612
1101001 13.248
1102001 13.2489
1103001 13.2542
1104001 13.2649
1105001 13.2239
1106001 13.2229
1107001 13.2064
1108001 13.195
1109001 13.2149
1110001 13.1985
1111001 13.1808
1112001 13.1851
1113001 13.2644
1114001 13.208
1115001 13.1841
1116001 13.1929
1117001 13.1943
1118001 13.2101
1119001 13.2012
1120001 13.2287
1121001 13.2322
1122001 13.2378
1123001 13.2264
1124001 13.2375
1125001 13.2185
1126001 13.2112
1127001 13.2263
1128001 13.195
1129001 13.1918
1130001 13.1756
1131001 13.1651
1132001 13.1596
1133001 13.1406
1134001 13.1242
1135001 13.1095
1136001 13.1437
1137001 13.11
1138001 13.0987
1139001 13.1005
1140001 13.0899
1141001 13.1101
1142001 13.1049
1143001 13.0898
1144001 13.086
1145001 13.0868
1146001 13.1377
1147001 13.1551
1148001 13.1469
1149001 13.149
1150001 13.1483
1151001 13.1377
1152001 13.1338
1153001 13.1439
1154001 13.1233
1155001 13.1089
1156001 13.1037
1157001 13.1006
1158001 13.0859
1159001 13.0772
1160001 13.0624
1161001 13.0497
1162001 13.0505
1163001 13.0387
1164001 13.0403
1165001 13.0234
1166001 13.023
1167001 13.0239
1168001 13.0251
1169001 13.0166
1170001 13.0249
1171001 13.0307
1172001 13.0397
1173001 13.0334
1174001 13.029
1175001 13.0197
1176001 13.0171
1177001 13.0075
1178001 12.9999
1179001 12.9931
1180001 12.9841
1181001 12.9703
1182001 12.9606
1183001 12.9505
1184001 12.9462
1185001 12.937
1186001 12.927
1187001 12.9491
1188001 12.9421
1189001 12.9435
1190001 12.9374
1191001 12.9378
1192001 12.9359
1193001 12.9301
1194001 12.9349
1195001 12.9359
1196001 12.9674
1197001 12.9904
1198001 12.9967
1199001 12.9744
1200001 12.9885
1201001 12.9884
1202001 12.9847
1203001 13.033
1204001 13.0873
1205001 12.9721
1206001 12.9482
1207001 12.9354
1208001 12.9127
1209001 12.9081
1210001 12.9115
1211001 12.9105
1212001 12.8927
1213001 12.8801
1214001 12.9054
1215001 12.9093
1216001 12.8955
1217001 12.9034
1218001 12.901
1219001 12.9129
1220001 12.8993
1221001 12.9476
1222001 12.9479
1223001 12.9589
1224001 12.9562
1225001 12.9441
1226001 12.9622
1227001 12.9375
1228001 12.9365
1229001 12.9204
1230001 12.9242
1231001 12.9039
1232001 12.8957
1233001 12.8926
1234001 12.8798
1235001 12.865
1236001 12.8654
1237001 12.8881
1238001 12.8933
1239001 12.8574
1240001 12.8591
1241001 12.861
1242001 12.861
1243001 12.8594
1244001 12.8944
1245001 12.8656
1246001 12.8629
1247001 12.9037
1248001 12.9225
1249001 12.9106
1250001 12.9145
1251001 12.9109
1252001 12.8963
1253001 12.8826
1254001 12.8829
1255001 12.8756
1256001 12.8601
1257001 12.8499
1258001 12.8358
1259001 12.8188
1260001 12.8232
1261001 12.8085
1262001 12.7943
1263001 12.7953
1264001 12.778
1265001 12.8026
1266001 12.7817
1267001 12.7929
1268001 12.7672
1269001 12.7735
1270001 12.7873
1271001 12.7885
1272001 12.7935
1273001 12.8043
1274001 12.8159
1275001 12.8104
1276001 12.7953
1277001 12.7983
1278001 12.7845
1279001 12.7784
1280001 12.7708
1281001 12.7677
1282001 12.7576
1283001 12.7448
1284001 12.7405
1285001 12.7426
1286001 12.7214
1287001 12.7471
1288001 12.7299
1289001 12.7445
1290001 12.7339
1291001 12.7343
1292001 12.7301
1293001 12.7328
1294001 12.728
1295001 12.732
1296001 12.7438
1297001 12.7825
1298001 12.763
1299001 12.7625
1300001 12.7747
1301001 12.7795
1302001 12.7583
1303001 12.7569
1304001 12.7743
1305001 12.7497
1306001 12.7413
1307001 12.7265
1308001 12.711
1309001 12.6921
1310001 12.6904
1311001 12.6933
1312001 12.6828
1313001 12.6736
1314001 12.6932
1315001 12.7584
1316001 12.705
1317001 12.694
1318001 12.6992
1319001 12.7015
1320001 12.7333
1321001 12.7053
1322001 12.7441
1323001 12.7516
1324001 12.7434
1325001 12.7708
1326001 12.7581
1327001 12.7523
1328001 12.7491
1329001 12.7373
1330001 12.7296
1331001 12.7296
1332001 12.7255
1333001 12.7178
1334001 12.7183
1335001 12.7032
1336001 12.694
1337001 12.685
1338001 12.7002
1339001 12.6798
1340001 12.6886
1341001 12.6734
1342001 12.674
1343001 12.6789
1344001 12.6747
1345001 12.6821
1346001 12.6741
1347001 12.6853
1348001 12.7197
1349001 12.7188
1350001 12.731
1351001 12.7236
1352001 12.7351
1353001 12.7052
1354001 12.7071
1355001 12.7256
1356001 12.6804
1357001 12.6935
1358001 12.661
1359001 12.6483
1360001 12.6627
1361001 12.6377
1362001 12.6311
1363001 12.6204
1364001 12.6082
1365001 12.6113
1366001 12.6124
1367001 12.6134
1368001 12.6079
1369001 12.6056
1370001 12.6107
1371001 12.6153
1372001 12.6389
1373001 12.6515
1374001 12.6442
1375001 12.6466
1376001 12.6513
1377001 12.645
1378001 12.6385
1379001 12.6234
1380001 12.6266
1381001 12.625
1382001 12.6083
1383001 12.5966
1384001 12.5876
1385001 12.5787
1386001 12.5775
1387001 12.5591
1388001 12.5746
1389001 12.5757
1390001 12.5791
1391001 12.5746
1392001 12.5918
1393001 12.5752
1394001 12.5682
1395001 12.568
1396001 12.5663
1397001 12.5829
1398001 12.6296
1399001 12.6053
1400001 12.6101
1401001 12.6107
1402001 12.6211
1403001 12.6052
1404001 12.6048
1405001 12.6101
1406001 12.5991
1407001 12.5787
1408001 12.5731
1409001 12.561
1410001 12.5485
1411001 12.5592
1412001 12.5575
1413001 12.5474
1414001 12.5554
1415001 12.6363
1416001 12.5827
1417001 12.56
1418001 12.5697
1419001 12.5747
1420001 12.597
1421001 12.5975
1422001 12.5756
1423001 12.6185
1424001 12.6346
1425001 12.6245
1426001 12.6154
1427001 12.6241
1428001 12.6347
1429001 12.6401
1430001 12.6084
1431001 12.6091
1432001 12.6024
1433001 12.5939
1434001 12.5929
1435001 12.5838
1436001 12.5716
1437001 12.5614
1438001 12.5971
1439001 12.5558
1440001 12.5544
1441001 12.5546
1442001 12.5551
1443001 12.5638
1444001 12.536
1445001 12.539
1446001 12.5348
1447001 12.5368
1448001 12.5954
1449001 12.5955
1450001 12.5896
1451001 12.5956
1452001 12.5892
1453001 12.5821
1454001 12.5737
1455001 12.5891
1456001 12.566
1457001 12.552
1458001 12.5666
1459001 12.5428
1460001 12.5326
1461001 12.5285
1462001 12.5271
1463001 12.5151
1464001 12.5172
1465001 12.5096
1466001 12.5169
1467001 12.4984
1468001 12.5073
1469001 12.5052
1470001 12.5109
1471001 12.5119
1472001 12.5164
1473001 12.5299
1474001 12.5432
1475001 12.541
1476001 12.5342
1477001 12.5323
1478001 12.5429
1479001 12.5268
1480001 12.5198
1481001 12.5164
1482001 12.5075
1483001 12.4948
1484001 12.4841
1485001 12.4714
1486001 12.4662
1487001 12.4561
1488001 12.4435
1489001 12.4572
1490001 12.4535
1491001 12.4596
1492001 12.4599
1493001 12.4573
1494001 12.4578
1495001 12.4499
1496001 12.4552
1497001 12.452
1498001 12.4819
1499001 12.5122
1500001 12.5219
1501001 12.4932
1502001 12.5116
1503001 12.5124
1504001 12.509
1505001 12.5088
1506001 12.6192
1507001 12.5027
1508001 12.4734
1509001 12.4762
1510001 12.4619
1511001 12.4526
1512001 12.4781
1513001 12.4684
1514001 12.4588
1515001 12.4542
1516001 12.4807
1517001 12.4852
1518001 12.4766
1519001 12.5323
1520001 12.4882
1521001 12.5036
1522001 12.4913
1523001 12.5366
1524001 12.5416
1525001 12.5533
1526001 12.5537
1527001 12.5511
1528001 12.563
1529001 12.5282
1530001 12.5392
1531001 12.5214
1532001 12.5227
1533001 12.5117
1534001 12.5027
1535001 12.5017
1536001 12.4898
1537001 12.4744
1538001 12.4716
1539001 12.4952
1540001 12.472
1541001 12.4764
1542001 12.4624
1543001 12.4542
1544001 12.4623
1545001 12.471
1546001 12.4533
1547001 12.4666
1548001 12.4655
1549001 12.5095
1550001 12.522
1551001 12.5169
1552001 12.5263
1553001 12.5181
1554001 12.5087
1555001 12.4999
1556001 12.4984
1557001 12.4949
1558001 12.4824
1559001 12.4787
1560001 12.4773
1561001 12.4623
1562001 12.4563
1563001 12.4466
1564001 12.4368
1565001 12.4414
1566001 12.4231
1567001 12.4342
1568001 12.4289
1569001 12.4236
1570001 12.4175
1571001 12.4246
1572001 12.4241
1573001 12.4436
1574001 12.449
1575001 12.4617
1576001 12.457
1577001 12.4661
1578001 12.4526
1579001 12.4529
1580001 12.4446
1581001 12.4379
1582001 12.4314
1583001 12.43
1584001 12.4165
1585001 12.4017
1586001 12.3958
1587001 12.3967
1588001 12.3765
1589001 12.4018
1590001 12.3856
1591001 12.3861
1592001 12.3913
1593001 12.3883
1594001 12.3896
1595001 12.3834
1596001 12.3879
1597001 12.3946
1598001 12.3897
1599001 12.4212
1600001 12.4318
1601001 12.4347
1602001 12.4339
1603001 12.4528
1604001 12.4337
1605001 12.4316
1606001 12.4978
1607001 12.4297
1608001 12.4269
1609001 12.4161
1610001 12.4072
1611001 12.3969
1612001 12.3957
1613001 12.4028
1614001 12.4109
1615001 12.4
1616001 12.4148
1617001 12.482
1618001 12.4269
1619001 12.4167
1620001 12.4245
1621001 12.4248
1622001 12.462
1623001 12.435
1624001 12.4812
1625001 12.4797
1626001 12.4672
1627001 12.4963
1628001 12.4765
1629001 12.4765
1630001 12.4731
1631001 12.4619
1632001 12.4545
1633001 12.4646
1634001 12.4529
1635001 12.452
1636001 12.4447
1637001 12.4288
1638001 12.4201
1639001 12.4109
1640001 12.4283
1641001 12.4072
1642001 12.408
1643001 12.4027
1644001 12.4111
1645001 12.412
1646001 12.4093
1647001 12.4472
1648001 12.4096
1649001 12.4255
1650001 12.4667
1651001 12.4816
1652001 12.4811
1653001 12.4792
1654001 12.4739
1655001 12.4622
1656001 12.4633
1657001 12.4509
1658001 12.4417
1659001 12.458
1660001 12.4282
1661001 12.4151
1662001 12.4282
1663001 12.4034
1664001 12.3923
1665001 12.382
1666001 12.3721
1667001 12.3736
1668001 12.3923
1669001 12.3753
1670001 12.3861
1671001 12.368
1672001 12.3719
1673001 12.3861
1674001 12.3959
1675001 12.4133
1676001 12.407
1677001 12.4189
1678001 12.4111
1679001 12.4058
1680001 12.3981
1681001 12.3883
1682001 12.3887
1683001 12.3771
1684001 12.377
1685001 12.3636
1686001 12.3512
1687001 12.3471
1688001 12.3468
1689001 12.3336
1690001 12.3493
1691001 12.3524
1692001 12.3594
1693001 12.3538
1694001 12.3704
1695001 12.3568
1696001 12.3506
1697001 12.3518
1698001 12.3531
1699001 12.377
1700001 12.4108
1701001 12.3956
1702001 12.4045
1703001 12.4119
1704001 12.4168
1705001 12.4032
1706001 12.4035
1707001 12.4147
1708001 12.4002
1709001 12.3818
1710001 12.3801
1711001 12.3723
1712001 12.3572
1713001 12.3701
1714001 12.3691
1715001 12.3583
1716001 12.3463
1717001 12.4503
1718001 12.3957
1719001 12.3853
1720001 12.381
1721001 12.3819
1722001 12.4093
1723001 12.412
1724001 12.3896
1725001 12.4324
1726001 12.4373
1727001 12.4352
1728001 12.426
1729001 12.4431
1730001 12.4451
1731001 12.4337
1732001 12.4202
1733001 12.4221
1734001 12.4172
1735001 12.4167
1736001 12.4093
1737001 12.4047
1738001 12.3983
1739001 12.3847
1740001 12.4196
1741001 12.3868
1742001 12.3862
1743001 12.3875
1744001 12.3884
1745001 12.3737
1746001 12.3693
1747001 12.3785
1748001 12.3834
1749001 12.3749
1750001 12.4355
1751001 12.4401
1752001 12.4337
1753001 12.4429
1754001 12.4385
1755001 12.4551
1756001 12.4215
1757001 12.4376
1758001 12.4503
1759001 12.4023
1760001 12.4164
1761001 12.3906
1762001 12.3783
1763001 12.3717
1764001 12.3702
1765001 12.3566
1766001 12.3509
1767001 12.3366
1768001 12.3589
1769001 12.3431
1770001 12.3477
1771001 12.3372
1772001 12.3538
1773001 12.3554
1774001 12.3486
1775001 12.3726
1776001 12.3866
1777001 12.3849
1778001 12.3804
1779001 12.3752
1780001 12.3865
1781001 12.3693
1782001 12.3571
1783001 12.362
1784001 12.3542
1785001 12.3413
1786001 12.333
1787001 12.3245
1788001 12.3176
1789001 12.3221
1790001 12.3051
1791001 12.3203
1792001 12.321
1793001 12.3307
1794001 12.3272
1795001 12.3255
1796001 12.3271
1797001 12.3232
1798001 12.3255
1799001 12.3239
1800001 12.3563
1801001 12.3931
1802001 12.3959
1803001 12.3667
1804001 12.3783
1805001 12.3866
1806001 12.3746
1807001 12.3843
1808001 12.3802
1809001 12.3942
1810001 12.3511
1811001 12.3531
1812001 12.3409
1813001 12.3292
1814001 12.355
1815001 12.3439
1816001 12.3336
1817001 12.3399
1818001 12.4265
1819001 12.3614
1820001 12.3473
1821001 12.4092
1822001 12.365
1823001 12.3865
1824001 12.3681
1825001 12.4151
1826001 12.4189
1827001 12.426
1828001 12.4344
1829001 12.4339
1830001 12.4172
1831001 12.4143
1832001 12.4365
1833001 12.4066
1834001 12.41
1835001 12.4015
1836001 12.3932
1837001 12.3937
1838001 12.3843
1839001 12.3744
1840001 12.365
1841001 12.4059
1842001 12.3727
1843001 12.3756
1844001 12.3624
1845001 12.3555
1846001 12.3739
1847001 12.3711
1848001 12.3533
1849001 12.351
1850001 12.3649
1851001 12.4107
1852001 12.4248
1853001 12.415
1854001 12.4265
1855001 12.4194
1856001 12.4071
1857001 12.4032
1858001 12.4015
1859001 12.3927
1860001 12.3804
1861001 12.3787
1862001 12.3791
1863001 12.365
1864001 12.3589
1865001 12.3491
1866001 12.3418
1867001 12.3459
1868001 12.3369
1869001 12.3409
1870001 12.3355
1871001 12.3318
1872001 12.3355
1873001 12.3337
1874001 12.3347
1875001 12.3484
1876001 12.3623
1877001 12.3762
1878001 12.3716
1879001 12.3693
1880001 12.3654
1881001 12.3646
1882001 12.3584
1883001 12.3541
1884001 12.3481
1885001 12.345
1886001 12.3319
1887001 12.3184
1888001 12.3126
1889001 12.3177
1890001 12.2991
1891001 12.2924
1892001 12.3157
1893001 12.3095
1894001 12.3142
1895001 12.3053
1896001 12.3098
1897001 12.3064
1898001 12.3014
1899001 12.3132
1900001 12.3099
1901001 12.3437
1902001 12.3654
1903001 12.3752
1904001 12.3522
1905001 12.3669
1906001 12.3538
1907001 12.3655
1908001 12.4193
1909001 12.3493
1910001 12.3612
1911001 12.3403
1912001 12.3333
1913001 12.3168
1914001 12.3173
1915001 12.3305
1916001 12.3364
1917001 12.3235
1918001 12.3397
1919001 12.3458
1920001 12.3544
1921001 12.3406
1922001 12.354
1923001 12.354
1924001 12.3701
1925001 12.3664
1926001 12.4125
1927001 12.4139
1928001 12.4246
1929001 12.4349
1930001 12.4172
1931001 12.4379
1932001 12.415
1933001 12.4054
1934001 12.4019
1935001 12.408
1936001 12.3955
1937001 12.3976
1938001 12.3887
1939001 12.3736
1940001 12.3635
1941001 12.3538
1942001 12.3808
1943001 12.3859
1944001 12.3476
1945001 12.3488
1946001 12.3511
1947001 12.3501
1948001 12.349
1949001 12.3856
1950001 12.3541
1951001 12.3579
1952001 12.4051
1953001 12.421
1954001 12.4091
1955001 12.4154
1956001 12.4133
1957001 12.401
1958001 12.388
1959001 12.3928
1960001 12.384
1961001 12.3763
1962001 12.3725
1963001 12.3649
1964001 12.3505
1965001 12.3601
1966001 12.3489
1967001 12.3387
1968001 12.3297
1969001 12.3248
1970001 12.3525
1971001 12.3336
1972001 12.3476
1973001 12.3239
1974001 12.3343
1975001 12.3494
1976001 12.3538
1977001 12.3595
1978001 12.3709
1979001 12.386
1980001 12.3785
1981001 12.3695
1982001 12.3677
1983001 12.3526
1984001 12.3465
1985001 12.3416
1986001 12.3374
1987001 12.3234
1988001 12.3131
1989001 12.3074
1990001 12.3083
1991001 12.2939
1992001 12.3065
1993001 12.3021
1994001 12.3175
1995001 12.3108
1996001 12.3053
1997001 12.3108
1998001 12.3057
1999001 12.3011
2000001 12.3043
2001001 12.3296
2002001 12.365
2003001 12.3445
2004001 12.344
2005001 12.3634
2006001 12.3667
2007001 12.3571
2008001 12.3472
2009001 12.369
2010001 12.3554
2011001 12.342
2012001 12.333
2013001 12.3238
2014001 12.3116
2015001 12.3148
2016001 12.3244
2017001 12.3178
2018001 12.3098
2019001 12.4145
2020001 12.4037
2021001 12.3515
2022001 12.3407
2023001 12.3496
2024001 12.3531
2025001 12.3871
2026001 12.356
2027001 12.4022
2028001 12.4087
2029001 12.4003
2030001 12.398
2031001 12.419
2032001 12.413
2033001 12.4103
2034001 12.394
2035001 12.3911
2036001 12.3909
2037001 12.3891
2038001 12.38
2039001 12.3745
2040001 12.3664
2041001 12.3533
2042001 12.3874
2043001 12.3656
2044001 12.3455
2045001 12.355
2046001 12.3399
2047001 12.3431
2048001 12.3465
2049001 12.3491
2050001 12.3552
2051001 12.348
2052001 12.3612
2053001 12.41
2054001 12.4056
2055001 12.4186
2056001 12.4076
2057001 12.4284
2058001 12.3967
2059001 12.4065
2060001 12.4275
2061001 12.381
2062001 12.4032
2063001 12.372
2064001 12.3629
2065001 12.3793
2066001 12.3549
2067001 12.3499
2068001 12.3413
2069001 12.329
2070001 12.3341
2071001 12.3342
2072001 12.3406
2073001 12.331
2074001 12.3302
2075001 12.3494
2076001 12.3434
2077001 12.3663
2078001 12.3793
2079001 12.3763
2080001 12.3748
2081001 12.3757
2082001 12.3796
2083001 12.3603
2084001 12.3484
2085001 12.3506
2086001 12.3504
2087001 12.3335
2088001 12.3215
2089001 12.313
2090001 12.306
2091001 12.3097
2092001 12.2926
2093001 12.3059
2094001 12.3129
2095001 12.3164
2096001 12.3119
2097001 12.3299
2098001 12.3107
2099001 12.3082
2100001 12.3103
2101001 12.3068
2102001 12.3409
2103001 12.3789
2104001 12.3533
2105001 12.3593
2106001 12.3638
2107001 12.3747
2108001 12.3616
2109001 12.3606
2110001 12.3711
2111001 12.3834
2112001 12.3411
2113001 12.3408
2114001 12.3302
2115001 12.3198
2116001 12.3343
2117001 12.3327
2118001 12.3238
2119001 12.3325
2120001 12.4193
2121001 12.362
2122001 12.3391
2123001 12.3482
2124001 12.3556
2125001 12.3771
2126001 12.3782
2127001 12.4029
2128001 12.408
2129001 12.4175
2130001 12.4068
2131001 12.4233
2132001 12.4089
2133001 12.4212
2134001 12.426
2135001 12.3971
2136001 12.3939
2137001 12.389
2138001 12.3828
2139001 12.3836
2140001 12.375
2141001 12.3659
2142001 12.3576
2143001 12.3985
2144001 12.3658
2145001 12.3579
2146001 12.3606
2147001 12.3506
2148001 12.374
2149001 12.3459
2150001 12.3536
2151001 12.3503
2152001 12.3522
2153001 12.4149
2154001 12.4237
2155001 12.4152
2156001 12.4203
2157001 12.4215
2158001 12.4103
2159001 12.4075
2160001 12.4203
2161001 12.3984
2162001 12.3856
2163001 12.3838
2164001 12.3829
2165001 12.371
2166001 12.3683
2167001 12.3571
2168001 12.3508
2169001 12.3557
2170001 12.3475
2171001 12.3517
2172001 12.3376
2173001 12.3411
2174001 12.3458
2175001 12.3512
2176001 12.3439
2177001 12.3595
2178001 12.3716
2179001 12.3852
2180001 12.3799
2181001 12.3792
2182001 12.3741
2183001 12.3741
2184001 12.3676
2185001 12.3629
2186001 12.3575
2187001 12.3515
2188001 12.3393
2189001 12.331
2190001 12.3206
2191001 12.3194
2192001 12.3123
2193001 12.3038
2194001 12.3274
2195001 12.3154
2196001 12.3244
2197001 12.3184
2198001 12.3214
2199001 12.3206
2200001 12.3166
2201001 12.3224
2202001 12.3236
2203001 12.3558
2204001 12.3814
2205001 12.3897
2206001 12.3641
2207001 12.3832
2208001 12.3848
2209001 12.3824
2210001 12.3824
2211001 12.4945
2212001 12.3777
2213001 12.3563
2214001 12.3497
2215001 12.3317
2216001 12.3323
2217001 12.3454
2218001 12.3493
2219001 12.3336
2220001 12.3282
2221001 12.3572
2222001 12.3605
2223001 12.3524
2224001 12.4088
2225001 12.3631
2226001 12.3796
2227001 12.3656
2228001 12.417
2229001 12.4212
2230001 12.4335
2231001 12.434
2232001 12.4241
2233001 12.4466
2234001 12.4226
2235001 12.4249
2236001 12.4109
2237001 12.4182
2238001 12.4016
2239001 12.3958
2240001 12.3962
2241001 12.3879
2242001 12.3749
2243001 12.3757
2244001 12.4005
2245001 12.4068
2246001 12.385
2247001 12.3719
2248001 12.3745
2249001 12.3742
2250001 12.3842
2251001 12.4089
2252001 12.3807
2253001 12.3794
2254001 12.423
2255001 12.4449
2256001 12.434
2257001 12.4412
2258001 12.4394
2259001 12.4261
2260001 12.4139
2261001 12.4169
2262001 12.4138
2263001 12.402
2264001 12.3968
2265001 12.3891
2266001 12.3747
2267001 12.3842
2268001 12.3728
2269001 12.3612
2270001 12.3671
2271001 12.3509
2272001 12.3766
2273001 12.358
2274001 12.3715
2275001 12.3481
2276001 12.3564
2277001 12.3729
2278001 12.3774
2279001 12.3838
2280001 12.3971
2281001 12.3921
2282001 12.403
2283001 12.3885
2284001 12.3925
2285001 12.3792
2286001 12.3745
2287001 12.3682
2288001 12.3677
2289001 12.3555
2290001 12.343
2291001 12.3394
2292001 12.3435
2293001 12.3237
2294001 12.3514
2295001 12.3353
2296001 12.3511
2297001 12.3417
2298001 12.3422
2299001 12.3397
2300001 12.3426
2301001 12.3393
2302001 12.3446
2303001 12.3399
2304001 12.3994
2305001 12.3821
2306001 12.3835
2307001 12.3843
2308001 12.4037
2309001 12.384
2310001 12.3847
2311001 12.4063
2312001 12.3827
2313001 12.3787
2314001 12.3686
2315001 12.3585
2316001 12.3453
2317001 12.3479
2318001 12.3568
2319001 12.3501
2320001 12.3437
2321001 12.368
2322001 12.4362
2323001 12.3814
2324001 12.3734
2325001 12.3811
2326001 12.3848
2327001 12.4193
2328001 12.3917
2329001 12.4374
2330001 12.4386
2331001 12.4312
2332001 12.4607
2333001 12.4494
2334001 12.4441
2335001 12.4416
2336001 12.4323
2337001 12.4258
2338001 12.4278
2339001 12.4246
2340001 12.4264
2341001 12.4205
2342001 12.4059
2343001 12.3979
2344001 12.3906
2345001 12.4079
2346001 12.3884
2347001 12.3911
2348001 12.3846
2349001 12.3866
2350001 12.3928
2351001 12.3911
2352001 12.3987
2353001 12.3925
2354001 12.407
2355001 12.4469
2356001 12.447
2357001 12.4625
2358001 12.4581
2359001 12.4721
2360001 12.4447
2361001 12.4491
2362001 12.4342
2363001 12.4275
2364001 12.4443
2365001 12.4151
2366001 12.4043
2367001 12.4205
2368001 12.3971
2369001 12.3915
2370001 12.3817
2371001 12.3707
2372001 12.3746
2373001 12.3756
2374001 12.3784
2375001 12.3733
2376001 12.3729
2377001 12.3779
2378001 12.384
2379001 12.4082
2380001 12.4222
2381001 12.4156
2382001 12.4272
2383001 12.4209
2384001 12.4156
2385001 12.4069
2386001 12.3968
2387001 12.398
2388001 12.3979
2389001 12.3816
2390001 12.3727
2391001 12.3636
2392001 12.3565
2393001 12.359
2394001 12.3437
2395001 12.36
2396001 12.3633
2397001 12.3675
2398001 12.3648
2399001 12.3819
2400001 12.3673
2401001 12.3609
2402001 12.3621
2403001 12.3624
2404001 12.3877
2405001 12.429
2406001 12.4058
2407001 12.4128
2408001 12.4198
2409001 12.4263
2410001 12.4132
2411001 12.4138
2412001 12.4213
2413001 12.4115
2414001 12.3938
2415001 12.3921
2416001 12.3835
2417001 12.3718
2418001 12.3859
2419001 12.386
2420001 12.3776
2421001 12.3873
2422001 12.4707
2423001 12.4167
2424001 12.3932
2425001 12.4045
2426001 12.4046
2427001 12.4339
2428001 12.4349
2429001 12.4129
2430001 12.4597
2431001 12.472
2432001 12.4632
2433001 12.4546
2434001 12.4638
2435001 12.4758
2436001 12.4809
2437001 12.4509
2438001 12.4537
2439001 12.448
2440001 12.4418
2441001 12.4426
2442001 12.4346
2443001 12.4257
2444001 12.4186
2445001 12.4521
2446001 12.4184
2447001 12.4194
2448001 12.4202
2449001 12.4221
2450001 12.4321
2451001 12.4057
2452001 12.4144
2453001 12.4075
2454001 12.4117
2455001 12.473
2456001 12.4754
2457001 12.4735
2458001 12.4784
2459001 12.4739
2460001 12.4684
2461001 12.4616
2462001 12.4785
2463001 12.4565
2464001 12.4445
2465001 12.4596
2466001 12.4353
2467001 12.4258
2468001 12.4222
2469001 12.422
2470001 12.4113
2471001 12.4147
2472001 12.4075
2473001 12.4165
2474001 12.3979
2475001 12.4073
2476001 12.4053
2477001 12.4133
2478001 12.4151
2479001 12.4154
2480001 12.4317
2481001 12.4475
2482001 12.4462
2483001 12.4398
2484001 12.437
2485001 12.4473
2486001 12.4313
2487001 12.4207
2488001 12.4233
2489001 12.4154
2490001 12.4044
2491001 12.396
2492001 12.3862
2493001 12.3841
2494001 12.3769
2495001 12.3662
2496001 12.38
2497001 12.3805
2498001 12.3876
2499001 12.3875
2500001 12.3863
2501001 12.3875
2502001 12.3793
2503001 12.3869
2504001 12.3846
2505001 12.4159
2506001 12.444
2507001 12.4557
2508001 12.4287
2509001 12.4399
2510001 12.45
2511001 12.4374
2512001 12.4482
2513001 12.5604
2514001 12.4595
2515001 12.4173
2516001 12.4204
2517001 12.4079
2518001 12.3979
2519001 12.4247
2520001 12.4154
2521001 12.4063
2522001 12.4028
2523001 12.4982
2524001 12.4344
2525001 12.4263
2526001 12.4828
2527001 12.439
2528001 12.4539
2529001 12.4418
2530001 12.4875
2531001 12.4911
2532001 12.5066
2533001 12.5084
2534001 12.5064
2535001 12.5199
2536001 12.4869
2537001 12.4991
2538001 12.4791
2539001 12.4856
2540001 12.4766
2541001 12.4704
2542001 12.4712
2543001 12.4617
2544001 12.4489
2545001 12.4486
2546001 12.4732
2547001 12.4513
2548001 12.4576
2549001 12.444
2550001 12.4371
2551001 12.4448
2552001 12.4547
2553001 12.4388
2554001 12.4519
2555001 12.4507
2556001 12.4955
2557001 12.509
2558001 12.5058
2559001 12.5124
2560001 12.5056
2561001 12.4972
2562001 12.4905
2563001 12.4894
2564001 12.4854
2565001 12.4705
2566001 12.4695
2567001 12.4699
2568001 12.4574
2569001 12.4528
2570001 12.4436
2571001 12.4365
2572001 12.4425
2573001 12.426
2574001 12.4379
2575001 12.4328
2576001 12.4283
2577001 12.4222
2578001 12.4306
2579001 12.4311
2580001 12.4462
2581001 12.4566
2582001 12.471
2583001 12.4675
2584001 12.4666
2585001 12.4629
2586001 12.4613
2587001 12.4552
2588001 12.4496
2589001 12.4458
2590001 12.4435
2591001 12.4316
2592001 12.4191
2593001 12.4157
2594001 12.4183
2595001 12.3994
2596001 12.4255
2597001 12.4148
2598001 12.412
2599001 12.4176
2600001 12.4098
2601001 12.4155
2602001 12.4113
2603001 12.4141
2604001 12.4216
2605001 12.4166
2606001 12.4488
2607001 12.4722
2608001 12.4601
2609001 12.4606
2610001 12.4807
2611001 12.4625
2612001 12.4604
2613001 12.5276
2614001 12.4597
2615001 12.4584
2616001 12.4513
2617001 12.4447
2618001 12.4283
2619001 12.43
2620001 12.4429
2621001 12.4485
2622001 12.4366
2623001 12.4523
2624001 12.5196
2625001 12.4663
2626001 12.4569
2627001 12.4656
2628001 12.4659
2629001 12.5033
2630001 12.4778
2631001 12.5238
2632001 12.5239
2633001 12.5138
2634001 12.544
2635001 12.5264
2636001 12.5275
2637001 12.5246
2638001 12.5152
2639001 12.5121
2640001 12.5202
2641001 12.5091
2642001 12.5102
2643001 12.5039
2644001 12.4895
2645001 12.4808
2646001 12.4726
2647001 12.4893
2648001 12.5074
2649001 12.4707
2650001 12.4656
2651001 12.4744
2652001 12.4759
2653001 12.4735
2654001 12.5104
2655001 12.4725
2656001 12.4889
2657001 12.5298
2658001 12.5448
2659001 12.5325
2660001 12.5413
2661001 12.5379
2662001 12.5267
2663001 12.5127
2664001 12.518
2665001 12.5107
2666001 12.5277
2667001 12.4986
2668001 12.4904
2669001 12.5023
2670001 12.4854
2671001 12.4733
2672001 12.4636
2673001 12.4551
2674001 12.4577
2675001 12.4777
2676001 12.4606
2677001 12.4727
2678001 12.4541
2679001 12.4595
2680001 12.474
2681001 12.4785
2682001 12.5015
2683001 12.4962
2684001 12.5094
2685001 12.5019
2686001 12.4961
2687001 12.4921
2688001 12.4787
2689001 12.4786
2690001 12.4686
2691001 12.4678
2692001 12.4546
2693001 12.4442
2694001 12.4404
2695001 12.4405
2696001 12.427
2697001 12.443
2698001 12.446
2699001 12.4537
2700001 12.4483
2701001 12.4433
2702001 12.4504
2703001 12.4452
2704001 12.4447
2705001 12.4468
2706001 12.4706
2707001 12.5047
2708001 12.4853
2709001 12.4977
2710001 12.5055
2711001 12.5107
2712001 12.4984
2713001 12.4991
2714001 12.5113
2715001 12.4974
2716001 12.4795
2717001 12.4792
2718001 12.4708
2719001 12.4576
2720001 12.4716
2721001 12.4719
2722001 12.4592
2723001 12.4531
2724001 12.5568
2725001 12.5033
2726001 12.4939
2727001 12.4904
2728001 12.4922
2729001 12.4968
2730001 12.522
2731001 12.5009
2732001 12.5445
2733001 12.5504
2734001 12.5495
2735001 12.5411
2736001 12.559
2737001 12.5619
2738001 12.552
2739001 12.5374
2740001 12.5399
2741001 12.5359
2742001 12.535
2743001 12.5269
2744001 12.5236
2745001 12.5169
2746001 12.5037
2747001 12.5386
2748001 12.5063
2749001 12.5064
2750001 12.5092
2751001 12.5097
2752001 12.4951
2753001 12.4911
2754001 12.5021
2755001 12.5074
2756001 12.4962
2757001 12.5589
2758001 12.5624
2759001 12.5566
2760001 12.5699
2761001 12.5617
2762001 12.578
2763001 12.548
2764001 12.5601
2765001 12.5779
2766001 12.5315
2767001 12.5468
2768001 12.5227
2769001 12.5125
2770001 12.5086
2771001 12.508
2772001 12.4968
2773001 12.4902
2774001 12.4789
2775001 12.5013
2776001 12.485
2777001 12.4915
2778001 12.4807
2779001 12.4975
2780001 12.4997
2781001 12.4932
2782001 12.5153
2783001 12.5307
2784001 12.5288
2785001 12.5248
2786001 12.525
2787001 12.5308
2788001 12.5116
2789001 12.5008
2790001 12.5061
2791001 12.5046
2792001 12.4877
2793001 12.4775
2794001 12.4705
2795001 12.4641
2796001 12.4677
2797001 12.4505
2798001 12.4656
2799001 12.4667
2800001 12.4757
2801001 12.4727
2802001 12.4889
2803001 12.4734
2804001 12.469
2805001 12.4713
2806001 12.4704
2807001 12.5027
2808001 12.5395
2809001 12.5152
2810001 12.5135
2811001 12.5259
2812001 12.5339
2813001 12.5229
2814001 12.532
2815001 12.532
2816001 12.5446
2817001 12.5029
2818001 12.5049
2819001 12.4933
2820001 12.4826
2821001 12.5099
2822001 12.499
2823001 12.4899
2824001 12.497
2825001 12.5829
2826001 12.5189
2827001 12.5059
2828001 12.5665
2829001 12.5237
2830001 12.5441
2831001 12.5252
2832001 12.572
2833001 12.5758
2834001 12.584
2835001 12.5933
2836001 12.5913
2837001 12.5751
2838001 12.5724
2839001 12.5932
2840001 12.5654
2841001 12.5696
2842001 12.5576
2843001 12.5528
2844001 12.5537
2845001 12.5461
2846001 12.5366
2847001 12.528
2848001 12.5692
2849001 12.5372
2850001 12.5416
2851001 12.5309
2852001 12.5227
2853001 12.5429
2854001 12.5394
2855001 12.5232
2856001 12.5201
2857001 12.5198
2858001 12.5787
2859001 12.5933
2860001 12.5845
2861001 12.5923
2862001 12.5902
2863001 12.5775
2864001 12.5751
2865001 12.5735
2866001 12.5668
2867001 12.5541
2868001 12.5529
2869001 12.5538
2870001 12.5413
2871001 12.5366
2872001 12.5273
2873001 12.5204
2874001 12.5267
2875001 12.5168
2876001 12.5213
2877001 12.5082
2878001 12.5124
2879001 12.5161
2880001 12.5139
2881001 12.515
2882001 12.5289
2883001 12.5412
2884001 12.5524
2885001 12.5509
2886001 12.5486
2887001 12.5442
2888001 12.5438
2889001 12.5383
2890001 12.534
2891001 12.5285
2892001 12.5251
2893001 12.5104
2894001 12.5015
2895001 12.4932
2896001 12.4912
2897001 12.4846
2898001 12.4765
2899001 12.4997
2900001 12.495
2901001 12.4965
2902001 12.4915
2903001 12.498
2904001 12.4937
2905001 12.4891
2906001 12.5
2907001 12.4976
2908001 12.5305
2909001 12.5532
2910001 12.5611
2911001 12.5407
2912001 12.5558
2913001 12.543
2914001 12.555
2915001 12.6079
2916001 12.6663
2917001 12.5517
2918001 12.5315
2919001 12.5245
2920001 12.5084
2921001 12.5097
2922001 12.5227
2923001 12.5284
2924001 12.5155
2925001 12.5082
2926001 12.5374
2927001 12.5456
2928001 12.5322
2929001 12.5445
2930001 12.5455
2931001 12.5613
2932001 12.5572
2933001 12.6024
2934001 12.6034
2935001 12.6135
2936001 12.623
2937001 12.6057
2938001 12.6262
2939001 12.604
2940001 12.6045
2941001 12.5924
2942001 12.5992
2943001 12.5874
2944001 12.5886
2945001 12.5763
2946001 12.5696
2947001 12.5608
2948001 12.5559
2949001 12.5802
2950001 12.5864
2951001 12.55
2952001 12.5509
2953001 12.5534
2954001 12.553
2955001 12.5514
2956001 12.588
2957001 12.558
2958001 12.5582
2959001 12.6062
2960001 12.623
2961001 12.6115
2962001 12.618
2963001 12.6171
2964001 12.6033
2965001 12.5917
2966001 12.5966
2967001 12.5916
2968001 12.5805
2969001 12.576
2970001 12.5683
2971001 12.5539
2972001 12.5642
2973001 12.5534
2974001 12.5429
2975001 12.5335
2976001 12.5309
2977001 12.557
2978001 12.54
2979001 12.5522
2980001 12.5289
2981001 12.5373
2982001 12.5535
2983001 12.5577
2984001 12.563
2985001 12.5785
2986001 12.5895
2987001 12.5827
2988001 12.5735
2989001 12.5716
2990001 12.5564
2991001 12.5529
2992001 12.5471
2993001 12.5437
2994001 12.5308
2995001 12.5221
2996001 12.5182
2997001 12.5175
2998001 12.5041
2999001 12.5298
3000001 12.5145
3001001 12.5305
3002001 12.5196
3003001 12.5201
3004001 12.5251
3005001 12.521
3006001 12.5169
3007001 12.5199
3008001 12.5431
3009001 12.5792
3010001 12.5607
3011001 12.5601
3012001 12.5783
3013001 12.5826
3014001 12.573
3015001 12.5636
3016001 12.5849
3017001 12.5719
3018001 12.5582
3019001 12.5494
3020001 12.5403
3021001 12.5278
3022001 12.5309
3023001 12.5407
3024001 12.5343
3025001 12.5273
3026001 12.6288
3027001 12.6188
3028001 12.5672
3029001 12.5574
3030001 12.566
3031001 12.5693
3032001 12.6024
3033001 12.5701
3034001 12.6171
3035001 12.6235
3036001 12.6148
3037001 12.6126
3038001 12.633
3039001 12.6265
3040001 12.6253
3041001 12.6101
3042001 12.6082
3043001 12.6098
3044001 12.6073
3045001 12.6004
3046001 12.5955
3047001 12.5892
3048001 12.5763
3049001 12.6101
3050001 12.5888
3051001 12.5703
3052001 12.5803
3053001 12.5651
3054001 12.5681
3055001 12.5728
3056001 12.5731
3057001 12.5802
3058001 12.5727
3059001 12.5871
3060001 12.6303
3061001 12.6291
3062001 12.6424
3063001 12.6301
3064001 12.6513
3065001 12.6218
3066001 12.6294
3067001 12.6503
3068001 12.6031
3069001 12.6246
3070001 12.5959
3071001 12.5862
3072001 12.602
3073001 12.5786
3074001 12.573
3075001 12.564
3076001 12.5523
3077001 12.5568
3078001 12.5573
3079001 12.5588
3080001 12.5546
3081001 12.5531
3082001 12.5716
3083001 12.5663
3084001 12.5892
3085001 12.6018
3086001 12.5926
3087001 12.5971
3088001 12.5988
3089001 12.6015
3090001 12.5848
3091001 12.5725
3092001 12.576
3093001 12.5753
3094001 12.5595
3095001 12.5487
3096001 12.5409
3097001 12.5348
3098001 12.5383
3099001 12.5215
3100001 12.5348
3101001 12.5424
3102001 12.5463
3103001 12.541
3104001 12.5602
3105001 12.5403
3106001 12.5392
3107001 12.5412
3108001 12.5409
3109001 12.5703
3110001 12.6086
3111001 12.584
3112001 12.5913
3113001 12.5941
3114001 12.6047
3115001 12.5909
3116001 12.5912
3117001 12.6008
3118001 12.6131
3119001 12.5723
3120001 12.571
3121001 12.5628
3122001 12.5523
3123001 12.5656
3124001 12.566
3125001 12.5574
3126001 12.5663
3127001 12.6514
3128001 12.5956
3129001 12.5734
3130001 12.5831
3131001 12.5895
3132001 12.6118
3133001 12.6121
3134001 12.6351
3135001 12.6416
3136001 12.6504
3137001 12.6405
3138001 12.6472
3139001 12.642
3140001 12.6525
3141001 12.659
3142001 12.6308
3143001 12.6306
3144001 12.6246
3145001 12.6183
3146001 12.6196
3147001 12.6117
3148001 12.6033
3149001 12.5949
3150001 12.6352
3151001 12.5938
3152001 12.5957
3153001 12.5986
3154001 12.5989
3155001 12.6106
3156001 12.5825
3157001 12.5901
3158001 12.5867
3159001 12.5888
3160001 12.6492
3161001 12.6579
3162001 12.6502
3163001 12.6545
3164001 12.6559
3165001 12.6448
3166001 12.6403
3167001 12.6545
3168001 12.6328
3169001 12.6209
3170001 12.6336
3171001 12.6117
3172001 12.6021
3173001 12.5984
3174001 12.598
3175001 12.5873
3176001 12.5913
3177001 12.584
3178001 12.5896
3179001 12.5738
3180001 12.5776
3181001 12.582
3182001 12.587
3183001 12.5795
3184001 12.5955
3185001 12.6076
3186001 12.6215
3187001 12.6212
3188001 12.6146
3189001 12.6099
3190001 12.6099
3191001 12.6039
3192001 12.5993
3193001 12.5956
3194001 12.5888
3195001 12.577
3196001 12.5695
3197001 12.5586
3198001 12.5576
3199001 12.5507
3200001 12.5422
3201001 12.5656
3202001 12.5545
3203001 12.5624
3204001 12.5566
3205001 12.5596
3206001 12.5589
3207001 12.555
3208001 12.5605
3209001 12.5561
3210001 12.5924
3211001 12.6182
3212001 12.6269
3213001 12.6006
3214001 12.6202
3215001 12.6213
3216001 12.6191
3217001 12.6196
3218001 12.7302
3219001 12.6161
3220001 12.5948
3221001 12.5883
3222001 12.5703
3223001 12.5728
3224001 12.5857
3225001 12.5844
3226001 12.5765
3227001 12.572
3228001 12.6
3229001 12.6035
3230001 12.5961
3231001 12.651
3232001 12.6065
3233001 12.623
3234001 12.6097
3235001 12.656
3236001 12.6625
3237001 12.6752
3238001 12.6762
3239001 12.6668
3240001 12.6881
3241001 12.6563
3242001 12.6669
3243001 12.6526
3244001 12.6526
3245001 12.6442
3246001 12.6382
3247001 12.6383
3248001 12.6302
3249001 12.6171
3250001 12.6178
3251001 12.6424
3252001 12.6485
3253001 12.6256
3254001 12.6135
3255001 12.6072
3256001 12.6153
3257001 12.6235
3258001 12.648
3259001 12.6214
3260001 12.62
3261001 12.6626
3262001 12.6761
3263001 12.6729
3264001 12.6804
3265001 12.6783
3266001 12.6652
3267001 12.6535
3268001 12.6567
3269001 12.6533
3270001 12.6424
3271001 12.6375
3272001 12.6303
3273001 12.6161
3274001 12.6254
3275001 12.6146
3276001 12.6022
3277001 12.6093
3278001 12.5933
3279001 12.6157
3280001 12.6001
3281001 12.6134
3282001 12.5902
3283001 12.5975
3284001 12.6126
3285001 12.6185
3286001 12.6243
3287001 12.6373
3288001 12.6338
3289001 12.6427
3290001 12.6288
3291001 12.6326
3292001 12.6203
3293001 12.6153
3294001 12.6087
3295001 12.6078
3296001 12.5961
3297001 12.5845
3298001 12.5804
3299001 12.584
3300001 12.5653
3301001 12.5915
3302001 12.5768
3303001 12.5781
3304001 12.5825
3305001 12.5826
3306001 12.5801
3307001 12.5818
3308001 12.5798
3309001 12.5852
3310001 12.5805
3311001 12.6368
3312001 12.6217
3313001 12.6232
3314001 12.6227
3315001 12.6426
3316001 12.6248
3317001 12.6241
3318001 12.6882
3319001 12.6224
3320001 12.6197
3321001 12.6103
3322001 12.6011
3323001 12.5892
3324001 12.5914
3325001 12.6007
3326001 12.5949
3327001 12.5964
3328001 12.6121
3329001 12.6794
3330001 12.6255
3331001 12.6173
3332001 12.6247
3333001 12.6284
3334001 12.6625
3335001 12.6361
3336001 12.6816
3337001 12.6805
3338001 12.673
3339001 12.7024
3340001 12.6892
3341001 12.6861
3342001 12.6833
3343001 12.6739
3344001 12.6675
3345001 12.6695
3346001 12.6668
3347001 12.6679
3348001 12.6618
3349001 12.6478
3350001 12.6396
3351001 12.6322
3352001 12.6487
3353001 12.6296
3354001 12.6296
3355001 12.6251
3356001 12.6341
3357001 12.6336
3358001 12.6321
3359001 12.6379
3360001 12.6324
3361001 12.6469
3362001 12.6868
3363001 12.7022
3364001 12.7011
3365001 12.6979
3366001 12.7104
3367001 12.6838
3368001 12.6879
3369001 12.6735
3370001 12.6674
3371001 12.6839
3372001 12.6552
3373001 12.6444
3374001 12.6602
3375001 12.6377
3376001 12.6317
3377001 12.6228
3378001 12.6118
3379001 12.6151
3380001 12.6151
3381001 12.6181
3382001 12.6138
3383001 12.6123
3384001 12.6172
3385001 12.6273
3386001 12.6467
3387001 12.6599
3388001 12.654
3389001 12.6662
3390001 12.6582
3391001 12.6528
3392001 12.6442
3393001 12.6349
3394001 12.6359
3395001 12.6347
3396001 12.6187
3397001 12.6104
3398001 12.6004
3399001 12.5958
3400001 12.5967
3401001 12.5833
3402001 12.5986
3403001 12.6022
3404001 12.6055
3405001 12.6029
3406001 12.6194
3407001 12.6053
3408001 12.5985
3409001 12.6002
3410001 12.6012
3411001 12.6244
3412001 12.6578
3413001 12.6422
3414001 12.6497
3415001 12.6569
3416001 12.6636
3417001 12.6499
3418001 12.6514
3419001 12.659
3420001 12.6497
3421001 12.6314
3422001 12.6302
3423001 12.6222
3424001 12.6101
3425001 12.624
3426001 12.6238
3427001 12.6158
3428001 12.6253
3429001 12.7071
3430001 12.6545
3431001 12.6446
3432001 12.6419
3433001 12.6426
3434001 12.6705
3435001 12.6717
3436001 12.65
3437001 12.6942
3438001 12.7059
3439001 12.6989
3440001 12.6902
3441001 12.6995
3442001 12.7114
3443001 12.7148
3444001 12.6864
3445001 12.689
3446001 12.6829
3447001 12.6756
3448001 12.6754
3449001 12.6708
3450001 12.6644
3451001 12.6515
3452001 12.6871
3453001 12.6542
3454001 12.655
3455001 12.6583
3456001 12.6576
3457001 12.6678
3458001 12.6411
3459001 12.6493
3460001 12.6423
3461001 12.6473
3462001 12.7067
3463001 12.7095
3464001 12.7032
3465001 12.7123
3466001 12.7079
3467001 12.7014
3468001 12.6948
3469001 12.7116
3470001 12.7236
3471001 12.6792
3472001 12.6927
3473001 12.669
3474001 12.6596
3475001 12.6559
3476001 12.6555
3477001 12.6446
3478001 12.6482
3479001 12.6266
3480001 12.6495
3481001 12.6296
3482001 12.6395
3483001 12.6372
3484001 12.6453
3485001 12.6472
3486001 12.6439
3487001 12.6628
3488001 12.6787
3489001 12.6773
3490001 12.6716
3491001 12.6675
3492001 12.6777
3493001 12.6614
3494001 12.6483
3495001 12.6534
3496001 12.6456
3497001 12.6337
3498001 12.6259
3499001 12.6163
3500001 12.6148
3501001 12.6078
3502001 12.5958
3503001 12.6117
3504001 12.6127
3505001 12.6194
3506001 12.6189
3507001 12.6178
3508001 12.6192
3509001 12.6088
3510001 12.618
3511001 12.6155
3512001 12.6467
3513001 12.6827
3514001 12.6847
3515001 12.6582
3516001 12.6692
3517001 12.6787
3518001 12.6664
3519001 12.6768
3520001 12.7859
3521001 12.6883
3522001 12.6462
3523001 12.6489
3524001 12.6363
3525001 12.6269
3526001 12.653
3527001 12.6429
3528001 12.6339
3529001 12.6311
3530001 12.7247
3531001 12.6619
3532001 12.6479
3533001 12.709
3534001 12.6652
3535001 12.6801
3536001 12.6685
3537001 12.714
3538001 12.7165
3539001 12.721
3540001 12.7336
3541001 12.7318
3542001 12.7453
3543001 12.7128
3544001 12.7241
3545001 12.706
3546001 12.7104
3547001 12.7017
3548001 12.6959
3549001 12.696
3550001 12.6874
3551001 12.6755
3552001 12.6743
3553001 12.7087
3554001 12.6778
3555001 12.6833
3556001 12.6691
3557001 12.6636
3558001 12.6697
3559001 12.6803
3560001 12.6635
3561001 12.6754
3562001 12.6757
3563001 12.7202
3564001 12.7333
3565001 12.724
3566001 12.736
3567001 12.7295
3568001 12.72
3569001 12.7142
3570001 12.7131
3571001 12.7092
3572001 12.6923
3573001 12.6926
3574001 12.6933
3575001 12.6809
3576001 12.6763
3577001 12.6668
3578001 12.6598
3579001 12.6653
3580001 12.6579
3581001 12.6612
3582001 12.6552
3583001 12.6521
3584001 12.6451
3585001 12.6536
3586001 12.6537
3587001 12.6665
3588001 12.6769
3589001 12.6936
3590001 12.6894
3591001 12.688
3592001 12.6841
3593001 12.6826
3594001 12.6761
3595001 12.6704
3596001 12.6666
3597001 12.6642
3598001 12.6524
3599001 12.64
3600001 12.6366
3601001 12.6399
3602001 12.621
3603001 12.6464
3604001 12.6374
3605001 12.6333
3606001 12.6387
3607001 12.6305
3608001 12.6361
3609001 12.6323
3610001 12.6347
3611001 12.6404
3612001 12.6367
3613001 12.6683
3614001 12.6911
3615001 12.6775
3616001 12.6786
3617001 12.6935
3618001 12.6809
3619001 12.6917
3620001 12.7445
3621001 12.6768
3622001 12.6892
3623001 12.6685
3624001 12.6619
3625001 12.6458
3626001 12.647
3627001 12.6595
3628001 12.6649
3629001 12.6532
3630001 12.6687
3631001 12.6745
3632001 12.6823
3633001 12.6724
3634001 12.6812
3635001 12.6808
3636001 12.7171
3637001 12.6927
3638001 12.738
3639001 12.7379
3640001 12.7483
3641001 12.7578
3642001 12.7402
3643001 12.7414
3644001 12.7383
3645001 12.7286
3646001 12.7269
3647001 12.7337
3648001 12.7219
3649001 12.7237
3650001 12.7175
3651001 12.7033
3652001 12.6952
3653001 12.687
3654001 12.7027
3655001 12.7206
3656001 12.6848
3657001 12.6791
3658001 12.6881
3659001 12.6885
3660001 12.6866
3661001 12.7227
3662001 12.6811
3663001 12.7003
3664001 12.7415
3665001 12.7563
3666001 12.7451
3667001 12.7523
3668001 12.7496
3669001 12.7371
3670001 12.7249
3671001 12.7293
3672001 12.7219
3673001 12.7133
3674001 12.7093
3675001 12.7015
3676001 12.6875
3677001 12.6967
3678001 12.686
3679001 12.6757
3680001 12.6672
3681001 12.6687
3682001 12.6894
3683001 12.6718
3684001 12.6843
3685001 12.6645
3686001 12.6711
3687001 12.6854
3688001 12.6891
3689001 12.6979
3690001 12.7068
3691001 12.7203
3692001 12.7127
3693001 12.7062
3694001 12.703
3695001 12.6889
3696001 12.6879
3697001 12.6788
3698001 12.6772
3699001 12.6638
3700001 12.6544
3701001 12.6499
3702001 12.6505
3703001 12.6368
3704001 12.6521
3705001 12.6488
3706001 12.6628
3707001 12.6567
3708001 12.6522
3709001 12.6586
3710001 12.6534
3711001 12.6515
3712001 12.6538
3713001 12.6778
3714001 12.7108
3715001 12.6915
3716001 12.7026
3717001 12.7109
3718001 12.7131
3719001 12.704
3720001 12.6931
3721001 12.7161
3722001 12.7025
3723001 12.6854
3724001 12.6823
3725001 12.6713
3726001 12.6595
3727001 12.6613
3728001 12.673
3729001 12.6656
3730001 12.6583
3731001 12.7599
3732001 12.7475
3733001 12.6984
3734001 12.6931
3735001 12.6961
3736001 12.6996
3737001 12.7233
3738001 12.7036
3739001 12.7469
3740001 12.7531
3741001 12.7435
3742001 12.7427
3743001 12.7613
3744001 12.7628
3745001 12.7539
3746001 12.7389
3747001 12.7373
3748001 12.738
3749001 12.7362
3750001 12.7283
3751001 12.7249
3752001 12.7181
3753001 12.7058
3754001 12.7398
3755001 12.7077
3756001 12.699
3757001 12.7101
3758001 12.7105
3759001 12.6963
3760001 12.6917
3761001 12.7028
3762001 12.7088
3763001 12.7033
3764001 12.7578
3765001 12.7614
3766001 12.7568
3767001 12.769
3768001 12.7603
3769001 12.7783
3770001 12.747
3771001 12.757
3772001 12.7769
3773001 12.7311
3774001 12.7456
3775001 12.7206
3776001 12.7119
3777001 12.7075
3778001 12.7067
3779001 12.7
3780001 12.6908
3781001 12.679
3782001 12.7005
3783001 12.6849
3784001 12.6913
3785001 12.681
3786001 12.6963
3787001 12.6992
3788001 12.6925
3789001 12.7141
3790001 12.7284
3791001 12.7269
3792001 12.7236
3793001 12.724
3794001 12.7288
3795001 12.7095
3796001 12.6988
3797001 12.7038
3798001 12.7009
3799001 12.6855
3800001 12.6748
3801001 12.668
3802001 12.6616
3803001 12.665
3804001 12.6481
3805001 12.6625
3806001 12.6638
3807001 12.6728
3808001 12.6691
3809001 12.6858
3810001 12.6694
3811001 12.665
3812001 12.6681
3813001 12.6657
3814001 12.6974
3815001 12.7339
3816001 12.7091
3817001 12.7074
3818001 12.7203
3819001 12.7311
3820001 12.7172
3821001 12.7252
3822001 12.726
3823001 12.7382
3824001 12.6969
3825001 12.6987
3826001 12.6867
3827001 12.6762
3828001 12.703
3829001 12.6928
3830001 12.6832
3831001 12.6911
3832001 12.7755
3833001 12.7114
3834001 12.6989
3835001 12.758
3836001 12.7157
3837001 12.7362
3838001 12.7167
3839001 12.7629
3840001 12.7667
3841001 12.7749
3842001 12.7633
3843001 12.7808
3844001 12.7656
3845001 12.7629
3846001 12.7834
3847001 12.7553
3848001 12.7587
3849001 12.7471
3850001 12.7421
3851001 12.7438
3852001 12.7361
3853001 12.7264
3854001 12.7185
3855001 12.7585
3856001 12.7271
3857001 12.7123
3858001 12.7213
3859001 12.7123
3860001 12.733
3861001 12.7282
3862001 12.7133
3863001 12.7096
3864001 12.7119
3865001 12.7669
3866001 12.7811
3867001 12.7723
3868001 12.7765
3869001 12.7777
3870001 12.766
3871001 12.7631
3872001 12.7742
3873001 12.7553
3874001 12.7423
3875001 12.7409
3876001 12.7412
3877001 12.7291
3878001 12.7253
3879001 12.715
3880001 12.7081
3881001 12.7127
3882001 12.7053
3883001 12.7097
3884001 12.6951
3885001 12.7004
3886001 12.7038
3887001 12.7003
3888001 12.7023
3889001 12.7168
3890001 12.7283
3891001 12.7408
3892001 12.7375
3893001 12.7351
3894001 12.7297
3895001 12.7302
3896001 12.7243
3897001 12.7201
3898001 12.7147
3899001 12.7112
3900001 12.6977
3901001 12.6891
3902001 12.6797
3903001 12.6783
3904001 12.6715
3905001 12.6627
3906001 12.686
3907001 12.68
3908001 12.6821
3909001 12.6771
3910001 12.6806
3911001 12.679
3912001 12.6746
3913001 12.6819
3914001 12.6824
3915001 12.7146
3916001 12.7378
3917001 12.7448
3918001 12.725
3919001 12.7395
3920001 12.7408
3921001 12.7384
3922001 12.7906
3923001 12.8477
3924001 12.7346
3925001 12.7141
3926001 12.7085
3927001 12.692
3928001 12.6926
3929001 12.7059
3930001 12.711
3931001 12.6987
3932001 12.6908
3933001 12.7197
3934001 12.7265
3935001 12.7146
3936001 12.7265
3937001 12.7272
3938001 12.7419
3939001 12.7388
3940001 12.7827
3941001 12.7831
3942001 12.7943
3943001 12.7942
3944001 12.7849
3945001 12.8063
3946001 12.7834
3947001 12.7847
3948001 12.7716
3949001 12.7789
3950001 12.7661
3951001 12.7541
3952001 12.756
3953001 12.7475
3954001 12.7347
3955001 12.7359
3956001 12.7599
3957001 12.766
3958001 12.7296
3959001 12.7307
3960001 12.733
3961001 12.7324
3962001 12.7308
3963001 12.7667
3964001 12.7375
3965001 12.7366
3966001 12.7801
3967001 12.8007
3968001 12.7893
3969001 12.7964
3970001 12.7944
3971001 12.7806
3972001 12.7695
3973001 12.7736
3974001 12.7696
3975001 12.7582
3976001 12.7535
3977001 12.7458
3978001 12.7319
3979001 12.7419
3980001 12.7308
3981001 12.7202
3982001 12.7224
3983001 12.7084
3984001 12.7337
3985001 12.7153
3986001 12.7291
3987001 12.7055
3988001 12.7147
3989001 12.7294
3990001 12.7341
3991001 12.7398
3992001 12.7525
3993001 12.7644
3994001 12.7577
3995001 12.742
3996001 12.7468
3997001 12.7359
3998001 12.7289
3999001 12.7228
4000001 12.7198
4001001 12.7063
4002001 12.6958
4003001 12.6932
4004001 12.6915
4005001 12.6785
4006001 12.7058
4007001 12.6902
4008001 12.7057
4009001 12.6955
4010001 12.6955
4011001 12.6933
4012001 12.6966
4013001 12.693
4014001 12.6994
4015001 12.7171
4016001 12.7525
4017001 12.7344
4018001 12.7349
4019001 12.7515
4020001 12.7559
4021001 12.7451
4022001 12.7369
4023001 12.7577
4024001 12.7358
4025001 12.7319
4026001 12.7226
4027001 12.7137
4028001 12.7014
4029001 12.7043
4030001 12.7137
4031001 12.7075
4032001 12.7013
4033001 12.7252
4034001 12.7908
4035001 12.739
4036001 12.7296
4037001 12.738
4038001 12.7416
4039001 12.774
4040001 12.7458
4041001 12.7869
4042001 12.7936
4043001 12.7854
4044001 12.8146
4045001 12.8029
4046001 12.7973
4047001 12.7956
4048001 12.7845
4049001 12.7787
4050001 12.7804
4051001 12.7777
4052001 12.7701
4053001 12.7653
4054001 12.7591
4055001 12.7453
4056001 12.742
4057001 12.7595
4058001 12.7407
4059001 12.7507
4060001 12.7356
4061001 12.7381
4062001 12.7431
4063001 12.7419
4064001 12.7493
4065001 12.743
4066001 12.7567
4067001 12.7944
4068001 12.7972
4069001 12.8107
4070001 12.8064
4071001 12.8191
4072001 12.7923
4073001 12.7973
4074001 12.8177
4075001 12.7757
4076001 12.7927
4077001 12.7642
4078001 12.7542
4079001 12.7698
4080001 12.7469
4081001 12.7411
4082001 12.7318
4083001 12.7209
4084001 12.7237
4085001 12.7249
4086001 12.7277
4087001 12.7224
4088001 12.7206
4089001 12.7312
4090001 12.733
4091001 12.7552
4092001 12.7685
4093001 12.7609
4094001 12.7626
4095001 12.7658
4096001 12.7576
4097001 12.7515
4098001 12.7389
4099001 12.7422
4100001 12.7418
4101001 12.7258
4102001 12.7154
4103001 12.7079
4104001 12.7015
4105001 12.7051
4106001 12.688
4107001 12.706
4108001 12.7086
4109001 12.7122
4110001 12.7093
4111001 12.7262
4112001 12.7119
4113001 12.7052
4114001 12.7068
4115001 12.7081
4116001 12.7349
4117001 12.7727
4118001 12.7488
4119001 12.7549
4120001 12.7581
4121001 12.7687
4122001 12.7547
4123001 12.7558
4124001 12.7644
4125001 12.7762
4126001 12.7367
4127001 12.7348
4128001 12.7271
4129001 12.7162
4130001 12.7294
4131001 12.7299
4132001 12.7213
4133001 12.7302
4134001 12.8138
4135001 12.7589
4136001 12.737
4137001 12.7462
4138001 12.7523
4139001 12.7749
4140001 12.7753
4141001 12.7544
4142001 12.8037
4143001 12.812
4144001 12.8024
4145001 12.7945
4146001 12.8034
4147001 12.8142
4148001 12.82
4149001 12.7912
4150001 12.7924
4151001 12.7868
4152001 12.7799
4153001 12.781
4154001 12.7734
4155001 12.7645
4156001 12.7565
4157001 12.7966
4158001 12.757
4159001 12.7575
4160001 12.76
4161001 12.7599
4162001 12.771
4163001 12.7442
4164001 12.7491
4165001 12.7471
4166001 12.7498
4167001 12.8091
4168001 12.8129
4169001 12.809
4170001 12.8141
4171001 12.8084
4172001 12.8038
4173001 12.7972
4174001 12.8136
4175001 12.7924
4176001 12.7795
4177001 12.7942
4178001 12.7705
4179001 12.7616
4180001 12.7578
4181001 12.7572
4182001 12.7464
4183001 12.75
4184001 12.7429
4185001 12.7489
4186001 12.7328
4187001 12.7413
4188001 12.7404
4189001 12.7463
4190001 12.7463
4191001 12.7535
4192001 12.7657
4193001 12.7791
4194001 12.7775
4195001 12.7714
4196001 12.7675
4197001 12.7801
4198001 12.7616
4199001 12.7562
4200001 12.753
4201001 12.746
4202001 12.7343
4203001 12.7261
4204001 12.7162
4205001 12.7145
4206001 12.7083
4207001 12.6993
4208001 12.7236
4209001 12.7115
4210001 12.7193
4211001 12.7137
4212001 12.7167
4213001 12.7184
4214001 12.711
4215001 12.7169
4216001 12.7137
4217001 12.7428
4218001 12.7737
4219001 12.7827
4220001 12.7559
4221001 12.7746
4222001 12.7762
4223001 12.7737
4224001 12.7751
4225001 12.8838
4226001 12.7701
4227001 12.7426
4228001 12.7461
4229001 12.7327
4230001 12.7241
4231001 12.7499
4232001 12.7407
4233001 12.7322
4234001 12.7277
4235001 12.7545
4236001 12.7586
4237001 12.751
4238001 12.8054
4239001 12.7606
4240001 12.7777
4241001 12.7647
4242001 12.8093
4243001 12.8146
4244001 12.828
4245001 12.8299
4246001 12.8285
4247001 12.841
4248001 12.8075
4249001 12.8199
4250001 12.8047
4251001 12.8062
4252001 12.7971
4253001 12.791
4254001 12.7918
4255001 12.7828
4256001 12.7705
4257001 12.7702
4258001 12.7948
4259001 12.7762
4260001 12.7787
4261001 12.7657
4262001 12.7579
4263001 12.7671
4264001 12.7756
4265001 12.7987
4266001 12.7726
4267001 12.7713
4268001 12.8145
4269001 12.8276
4270001 12.8226
4271001 12.8308
4272001 12.8235
4273001 12.8151
4274001 12.8032
4275001 12.8072
4276001 12.8034
4277001 12.7927
4278001 12.7881
4279001 12.7812
4280001 12.7665
4281001 12.7733
4282001 12.7599
4283001 12.7539
4284001 12.759
4285001 12.7437
4286001 12.7546
4287001 12.7501
4288001 12.7447
4289001 12.7401
4290001 12.7475
4291001 12.7481
4292001 12.7676
4293001 12.7731
4294001 12.7866
4295001 12.7824
4296001 12.791
4297001 12.7774
4298001 12.7802
4299001 12.769
4300001 12.7633
4301001 12.7572
4302001 12.7567
4303001 12.7443
4304001 12.7326
4305001 12.729
4306001 12.7317
4307001 12.7135
4308001 12.7395
4309001 12.7249
4310001 12.7251
4311001 12.7307
4312001 12.7303
4313001 12.728
4314001 12.7225
4315001 12.7267
4316001 12.7328
4317001 12.7271
4318001 12.7597
4319001 12.7673
4320001 12.7695
4321001 12.7688
4322001 12.7885
4323001 12.7712
4324001 12.7699
4325001 12.835
4326001 12.7684
4327001 12.766
4328001 12.7561
4329001 12.7471
4330001 12.7355
4331001 12.7381
4332001 12.747
4333001 12.7518
4334001 12.7434
4335001 12.7583
4336001 12.8247
4337001 12.7716
4338001 12.7633
4339001 12.7705
4340001 12.7738
4341001 12.8073
4342001 12.7816
4343001 12.8262
4344001 12.8256
4345001 12.8175
4346001 12.8464
4347001 12.8287
4348001 12.8301
4349001 12.8267
4350001 12.818
4351001 12.8119
4352001 12.8217
4353001 12.8112
4354001 12.8115
4355001 12.805
4356001 12.7917
4357001 12.7833
4358001 12.7759
4359001 12.7924
4360001 12.7732
4361001 12.7734
4362001 12.7682
4363001 12.7758
4364001 12.777
4365001 12.7749
4366001 12.7803
4367001 12.775
4368001 12.7895
4369001 12.8293
4370001 12.8434
4371001 12.8428
4372001 12.8394
4373001 12.8342
4374001 12.8254
4375001 12.8293
4376001 12.8164
4377001 12.8091
4378001 12.8259
4379001 12.797
4380001 12.7865
4381001 12.8018
4382001 12.779
4383001 12.7727
4384001 12.7624
4385001 12.7538
4386001 12.7566
4387001 12.7757
4388001 12.7593
4389001 12.7712
4390001 12.7537
4391001 12.7583
4392001 12.7729
4393001 12.7854
4394001 12.7999
4395001 12.7942
4396001 12.8059
4397001 12.7977
4398001 12.7925
4399001 12.7847
4400001 12.7747
4401001 12.7753
4402001 12.7737
4403001 12.7624
4404001 12.7503
4405001 12.7399
4406001 12.7363
4407001 12.7363
4408001 12.7227
4409001 12.7382
4410001 12.7412
4411001 12.7489
4412001 12.7416
4413001 12.7576
4414001 12.7442
4415001 12.7392
4416001 12.7386
4417001 12.7397
4418001 12.7623
4419001 12.7956
4420001 12.7796
4421001 12.7874
4422001 12.795
4423001 12.8003
4424001 12.7882
4425001 12.7887
4426001 12.8006
4427001 12.7865
4428001 12.7691
4429001 12.7677
4430001 12.7601
4431001 12.7471
4432001 12.761
4433001 12.7611
4434001 12.7529
4435001 12.7417
4436001 12.8429
4437001 12.7909
4438001 12.7814
4439001 12.7782
4440001 12.7794
4441001 12.8074
4442001 12.8077
4443001 12.7869
4444001 12.8295
4445001 12.8368
4446001 12.8346
4447001 12.8257
4448001 12.8427
4449001 12.8462
4450001 12.8348
4451001 12.8216
4452001 12.8241
4453001 12.817
4454001 12.8174
4455001 12.8103
4456001 12.8064
4457001 12.8002
4458001 12.7867
4459001 12.8215
4460001 12.7892
4461001 12.7901
4462001 12.7915
4463001 12.7926
4464001 12.7778
4465001 12.7748
4466001 12.784
4467001 12.7908
4468001 12.7809
4469001 12.8397
4470001 12.8432
4471001 12.8365
4472001 12.8445
4473001 12.8413
4474001 12.8347
4475001 12.8275
4476001 12.8439
4477001 12.8566
4478001 12.8116
4479001 12.8258
4480001 12.8016
4481001 12.7922
4482001 12.7886
4483001 12.7883
4484001 12.7773
4485001 12.78
4486001 12.7594
4487001 12.7819
4488001 12.7613
4489001 12.7718
4490001 12.7602
4491001 12.7772
4492001 12.7796
4493001 12.774
4494001 12.7897
4495001 12.8097
4496001 12.8084
4497001 12.8028
4498001 12.7987
4499001 12.8088
4500001 12.7918
4501001 12.7791
4502001 12.7841
4503001 12.776
4504001 12.765
4505001 12.7557
4506001 12.7478
4507001 12.7408
4508001 12.7449
4509001 12.7274
4510001 12.7421
4511001 12.743
4512001 12.7488
4513001 12.7488
4514001 12.7477
4515001 12.7491
4516001 12.7456
4517001 12.7478
4518001 12.7455
4519001 12.7765
4520001 12.8121
4521001 12.8137
4522001 12.7868
4523001 12.798
4524001 12.8072
4525001 12.7949
4526001 12.805
4527001 12.8054
4528001 12.816
4529001 12.7746
4530001 12.777
4531001 12.765
4532001 12.7554
4533001 12.7809
4534001 12.7709
4535001 12.7621
4536001 12.7588
4537001 12.8518
4538001 12.7894
4539001 12.7763
4540001 12.8358
4541001 12.7926
4542001 12.8069
4543001 12.7953
4544001 12.8404
4545001 12.8433
4546001 12.8527
4547001 12.8595
4548001 12.8581
4549001 12.8433
4550001 12.8391
4551001 12.8496
4552001 12.8319
4553001 12.8361
4554001 12.8275
4555001 12.8205
4556001 12.821
4557001 12.8123
4558001 12.8013
4559001 12.7949
4560001 12.8349
4561001 12.8037
4562001 12.809
4563001 12.7961
4564001 12.7895
4565001 12.8088
4566001 12.8054
4567001 12.7889
4568001 12.7878
4569001 12.8
4570001 12.8447
4571001 12.8575
4572001 12.8477
4573001 12.8597
4574001 12.8537
4575001 12.8447
4576001 12.8387
4577001 12.8371
4578001 12.83
4579001 12.8174
4580001 12.8164
4581001 12.8171
4582001 12.8047
4583001 12.8001
4584001 12.7906
4585001 12.7835
4586001 12.7887
4587001 12.7807
4588001 12.7851
4589001 12.7785
4590001 12.7757
4591001 12.7796
4592001 12.777
4593001 12.7774
4594001 12.7908
4595001 12.8028
4596001 12.8168
4597001 12.8121
4598001 12.8099
4599001 12.8062
4600001 12.805
4601001 12.7983
4602001 12.7945
4603001 12.789
4604001 12.7862
4605001 12.774
4606001 12.7614
4607001 12.758
4608001 12.7615
4609001 12.7432
4610001 12.7379
4611001 12.7598
4612001 12.7547
4613001 12.7591
4614001 12.752
4615001 12.757
4616001 12.7535
4617001 12.7489
4618001 12.7607
4619001 12.7574
4620001 12.7886
4621001 12.8104
4622001 12.796
4623001 12.7984
4624001 12.8126
4625001 12.8004
4626001 12.8115
4627001 12.8639
4628001 12.7958
4629001 12.8074
4630001 12.7881
4631001 12.7813
4632001 12.7654
4633001 12.7662
4634001 12.779
4635001 12.7844
4636001 12.7721
4637001 12.7874
4638001 12.7926
4639001 12.8005
4640001 12.7884
4641001 12.7999
4642001 12.7994
4643001 12.8332
4644001 12.8113
4645001 12.8558
4646001 12.8558
4647001 12.8657
4648001 12.8745
4649001 12.8574
4650001 12.8769
4651001 12.8555
4652001 12.8463
4653001 12.8436
4654001 12.8508
4655001 12.8388
4656001 12.8408
4657001 12.8345
4658001 12.8211
4659001 12.8122
4660001 12.8047
4661001 12.8317
4662001 12.8374
4663001 12.8019
4664001 12.7999
4665001 12.8049
4666001 12.8038
4667001 12.8032
4668001 12.8385
4669001 12.808
4670001 12.8138
4671001 12.857
4672001 12.8719
4673001 12.8607
4674001 12.8671
4675001 12.8653
4676001 12.8522
4677001 12.8408
4678001 12.8447
4679001 12.837
4680001 12.8275
4681001 12.8247
4682001 12.8171
4683001 12.803
4684001 12.8123
4685001 12.8018
4686001 12.7912
4687001 12.7826
4688001 12.778
4689001 12.8049
4690001 12.7866
4691001 12.7996
4692001 12.7763
4693001 12.7859
4694001 12.8003
4695001 12.8038
4696001 12.8096
4697001 12.8211
4698001 12.8349
4699001 12.8276
4700001 12.8202
4701001 12.8173
4702001 12.8028
4703001 12.7988
4704001 12.7928
4705001 12.7901
4706001 12.7773
4707001 12.7684
4708001 12.7639
4709001 12.7643
4710001 12.7505
4711001 12.7655
4712001 12.7596
4713001 12.7757
4714001 12.7698
4715001 12.7656
4716001 12.7714
4717001 12.7664
4718001 12.7624
4719001 12.7663
4720001 12.7898
4721001 12.8232
4722001 12.8033
4723001 12.8133
4724001 12.8223
4725001 12.8248
4726001 12.8155
4727001 12.8056
4728001 12.827
4729001 12.8142
4730001 12.7962
4731001 12.7917
4732001 12.7831
4733001 12.7706
4734001 12.7732
4735001 12.7836
4736001 12.7769
4737001 12.7694
4738001 12.8698
4739001 12.8586
4740001 12.8086
4741001 12.7973
4742001 12.8067
4743001 12.8101
4744001 12.8502
4745001 12.8131
4746001 12.8564
4747001 12.8627
4748001 12.8531
4749001 12.8515
4750001 12.8706
4751001 12.8722
4752001 12.8634
4753001 12.8482
4754001 12.8458
4755001 12.8472
4756001 12.8454
4757001 12.8372
4758001 12.8341
4759001 12.8268
4760001 12.8147
4761001 12.8487
4762001 12.817
4763001 12.809
4764001 12.8188
4765001 12.8191
4766001 12.806
4767001 12.8106
4768001 12.8114
4769001 12.8179
4770001 12.81
4771001 12.8633
4772001 12.8694
4773001 12.8648
4774001 12.8763
4775001 12.8671
4776001 12.8864
4777001 12.8546
4778001 12.864
4779001 12.8841
4780001 12.8389
4781001 12.8528
4782001 12.829
4783001 12.8207
4784001 12.836
4785001 12.8123
4786001 12.8073
4787001 12.7984
4788001 12.7868
4789001 12.8079
4790001 12.7919
4791001 12.7984
4792001 12.7882
4793001 12.7872
4794001 12.8057
4795001 12.7997
4796001 12.8216
4797001 12.8338
4798001 12.8327
4799001 12.8293
4800001 12.8301
4801001 12.8344
4802001 12.8162
4803001 12.8052
4804001 12.8099
4805001 12.8069
4806001 12.7922
4807001 12.7809
4808001 12.7739
4809001 12.7672
4810001 12.7706
4811001 12.7542
4812001 12.7682
4813001 12.7734
4814001 12.778
4815001 12.7743
4816001 12.7915
4817001 12.7744
4818001 12.7707
4819001 12.7732
4820001 12.77
4821001 12.8022
4822001 12.8387
4823001 12.8137
4824001 12.8114
4825001 12.8244
4826001 12.8341
4827001 12.8209
4828001 12.8198
4829001 12.8297
4830001 12.8417
4831001 12.801
4832001 12.8028
4833001 12.7905
4834001 12.7798
4835001 12.8063
4836001 12.7954
4837001 12.7864
4838001 12.7951
4839001 12.8787
4840001 12.8249
4841001 12.8019
4842001 12.8107
4843001 12.8186
4844001 12.8388
4845001 12.8404
4846001 12.8652
4847001 12.8687
4848001 12.8771
4849001 12.866
4850001 12.8823
4851001 12.868
4852001 12.8642
4853001 12.8847
4854001 12.8568
4855001 12.8565
4856001 12.85
4857001 12.8441
4858001 12.8457
4859001 12.8377
4860001 12.8284
4861001 12.8204
4862001 12.8601
4863001 12.8289
4864001 12.8202
4865001 12.823
4866001 12.8131
4867001 12.8348
4868001 12.8075
4869001 12.8145
4870001 12.8111
4871001 12.8126
4872001 12.8719
4873001 12.8813
4874001 12.8726
4875001 12.8765
4876001 12.8777
4877001 12.8668
4878001 12.8634
4879001 12.8756
4880001 12.855
4881001 12.8428
4882001 12.8414
4883001 12.8414
4884001 12.8292
4885001 12.8258
4886001 12.8153
4887001 12.809
4888001 12.8132
4889001 12.8054
4890001 12.8094
4891001 12.7956
4892001 12.7995
4893001 12.8037
4894001 12.808
4895001 12.8016
4896001 12.8163
4897001 12.8277
4898001 12.8401
4899001 12.8363
4900001 12.8339
4901001 12.8283
4902001 12.8292
4903001 12.8232
4904001 12.8188
4905001 12.8139
4906001 12.8074
4907001 12.7966
4908001 12.7883
4909001 12.7785
4910001 12.7771
4911001 12.7701
4912001 12.7615
4913001 12.7845
4914001 12.7788
4915001 12.7811
4916001 12.7759
4917001 12.7782
4918001 12.7779
4919001 12.7734
4920001 12.7784
4921001 12.7805
4922001 12.8121
4923001 12.8353
4924001 12.843
4925001 12.8209
4926001 12.8367
4927001 12.8376
4928001 12.8354
4929001 12.8868
4930001 12.944
4931001 12.8315
4932001 12.8114
4933001 12.8057
4934001 12.7897
4935001 12.7899
4936001 12.8034
4937001 12.808
4938001 12.7953
4939001 12.7886
4940001 12.8163
4941001 12.8211
4942001 12.8114
4943001 12.867
4944001 12.8227
4945001 12.8381
4946001 12.8259
4947001 12.8776
4948001 12.8785
4949001 12.8898
4950001 12.8895
4951001 12.88
4952001 12.9013
4953001 12.878
4954001 12.88
4955001 12.8661
4956001 12.8741
4957001 12.8558
4958001 12.851
4959001 12.8513
4960001 12.8431
4961001 12.83
4962001 12.8308
4963001 12.8545
4964001 12.8606
4965001 12.8391
4966001 12.8259
4967001 12.8277
4968001 12.8274
4969001 12.8365
4970001 12.8606
4971001 12.8324
4972001 12.8314
4973001 12.8734
4974001 12.8946
4975001 12.8835
4976001 12.8899
4977001 12.8884
4978001 12.8747
4979001 12.8632
4980001 12.8667
4981001 12.8633
4982001 12.8519
4983001 12.8473
4984001 12.8398
4985001 12.8258
4986001 12.8354
4987001 12.8243
4988001 12.8134
4989001 12.8175
4990001 12.8019
4991001 12.8269
4992001 12.8093
4993001 12.8222
4994001 12.7993
4995001 12.8069
4996001 12.8222
4997001 12.8271
4998001 12.8326
4999001 12.8444
