1 82.0158
1001 59.8345
2001 59.6123
3001 59.2764
4001 58.8876
5001 58.5213
6001 58.2205
7001 57.9584
8001 57.7328
9001 57.5083
10001 57.3325
11001 57.1898
12001 57.009
13001 56.8773
14001 56.7314
15001 56.5849
16001 56.4182
17001 56.2871
18001 56.1484
19001 55.9966
20001 55.7989
21001 55.6005
22001 55.3493
23001 55.0829
24001 54.8203
25001 54.5437
26001 54.2718
27001 54.0135
28001 53.7742
29001 53.5115
30001 53.3006
31001 53.1004
32001 52.8828
33001 52.6746
34001 52.4821
35001 52.287
36001 52.114
37001 51.934
38001 51.7545
39001 51.5269
40001 51.3263
41001 51.1172
42001 50.8731
43001 50.6281
44001 50.336
45001 50.0298
46001 49.6626
47001 49.1793
48001 48.6897
49001 48.2623
50001 47.9219
51001 47.6703
52001 47.491
53001 47.3695
54001 47.2444
55001 47.1137
56001 46.9542
57001 46.8023
58001 46.6653
59001 46.5133
60001 46.3539
61001 46.1511
62001 45.9859
63001 45.8288
64001 45.6893
65001 45.5379
66001 45.4206
67001 45.3067
68001 45.2043
69001 45.1044
70001 45.0061
71001 44.9033
72001 44.804
73001 44.6848
74001 44.5399
75001 44.3641
76001 44.1636
77001 43.9631
78001 43.7555
79001 43.5483
80001 43.3535
81001 43.1843
82001 42.9831
83001 42.8197
84001 42.6651
85001 42.5426
86001 42.4217
87001 42.2888
88001 42.1861
89001 42.0878
90001 41.9507
91001 41.8251
92001 41.6646
93001 41.4985
94001 41.3106
95001 41.1204
96001 40.9208
97001 40.7551
98001 40.5973
99001 40.4926
100001 40.4143
101001 40.3443
102001 40.2037
103001 40.0269
104001 39.8063
105001 39.5987
106001 39.4609
107001 39.3189
108001 39.2011
109001 39.1166
110001 39.009
111001 38.9466
112001 38.8723
113001 38.8095
114001 38.7446
115001 38.6809
116001 38.619
117001 38.5576
118001 38.503
119001 38.448
120001 38.4007
121001 38.3167
122001 38.2295
123001 38.1471
124001 38.0615
125001 37.9561
126001 37.839
127001 37.7048
128001 37.567
129001 37.4403
130001 37.2785
131001 37.1414
132001 36.9914
133001 36.8359
134001 36.7305
135001 36.6187
136001 36.514
137001 36.4309
138001 36.3572
139001 36.3076
140001 36.2287
141001 36.1441
142001 36.0432
143001 35.9296
144001 35.8194
145001 35.7103
146001 35.6081
147001 35.4773
148001 35.3447
149001 35.2291
150001 35.1337
151001 35.0484
152001 34.9812
153001 34.9136
154001 34.8414
155001 34.7727
156001 34.7087
157001 34.6338
158001 34.5524
159001 34.4605
160001 34.3735
161001 34.286
162001 34.1941
163001 34.1367
164001 34.0755
165001 34.0307
166001 33.9746
167001 33.9339
168001 33.8929
169001 33.8537
170001 33.809
171001 33.7524
172001 33.6899
173001 33.6122
174001 33.5333
175001 33.423
176001 33.2793
177001 33.1524
178001 33.0449
179001 32.9343
180001 32.8403
181001 32.7406
182001 32.6522
183001 32.5635
184001 32.4693
185001 32.3889
186001 32.3141
187001 32.2502
188001 32.1953
189001 32.1561
190001 32.115
191001 32.0574
192001 31.9924
193001 31.9346
194001 31.8676
195001 31.8028
196001 31.7443
197001 31.7008
198001 31.5903
199001 31.5171
200001 31.4271
201001 31.31
202001 31.2041
203001 31.0578
204001 30.9016
205001 30.7777
206001 30.665
207001 30.595
208001 30.5306
209001 30.4691
210001 30.4197
211001 30.3731
212001 30.3384
213001 30.2968
214001 30.2815
215001 30.2457
216001 30.2199
217001 30.1955
218001 30.1651
219001 30.1545
220001 30.122
221001 30.0966
222001 30.0625
223001 30.0293
224001 29.989
225001 29.9374
226001 29.8718
227001 29.7949
228001 29.7095
229001 29.6227
230001 29.5351
231001 29.4117
232001 29.2666
233001 29.1434
234001 29.0254
235001 28.952
236001 28.8887
237001 28.8478
238001 28.7832
239001 28.7297
240001 28.7072
241001 28.6658
242001 28.6158
243001 28.5706
244001 28.5209
245001 28.4536
246001 28.3875
247001 28.3194
248001 28.2491
249001 28.1864
250001 28.1249
251001 28.0652
252001 28.0084
253001 27.9611
254001 27.9056
255001 27.8523
256001 27.7919
257001 27.7218
258001 27.6639
259001 27.5996
260001 27.5433
261001 27.4881
262001 27.4515
263001 27.4198
264001 27.3868
265001 27.3574
266001 27.3346
267001 27.3028
268001 27.272
269001 27.2307
270001 27.1972
271001 27.1523
272001 27.1033
273001 27.0513
274001 26.9821
275001 26.9037
276001 26.8315
277001 26.7593
278001 26.7035
279001 26.645
280001 26.6127
281001 26.5612
282001 26.5087
283001 26.4324
284001 26.3641
285001 26.2917
286001 26.2451
287001 26.2025
288001 26.1689
289001 26.145
290001 26.128
291001 26.0895
292001 26.0598
293001 26.0309
294001 25.9939
295001 25.943
296001 25.8949
297001 25.8502
298001 25.7869
299001 25.7137
300001 25.6267
301001 25.519
302001 25.4139
303001 25.3406
304001 25.2604
305001 25.1842
306001 25.1144
307001 25.0715
308001 25.0483
309001 24.9783
310001 24.9336
311001 24.9065
312001 24.88
313001 24.8795
314001 24.8434
315001 24.8547
316001 24.8416
317001 24.825
318001 24.827
319001 24.8109
320001 24.7956
321001 24.7827
322001 24.7606
323001 24.7406
324001 24.7141
325001 24.6702
326001 24.6172
327001 24.5681
328001 24.5219
329001 24.4642
330001 24.4074
331001 24.3698
332001 24.3042
333001 24.2374
334001 24.1424
335001 24.0416
336001 23.9777
337001 23.9237
338001 23.8875
339001 23.8497
340001 23.8302
341001 23.8259
342001 23.7954
343001 23.766
344001 23.7142
345001 23.6831
346001 23.6246
347001 23.5893
348001 23.5618
349001 23.5015
350001 23.4741
351001 23.4229
352001 23.3831
353001 23.3607
354001 23.3103
355001 23.2662
356001 23.2101
357001 23.1617
358001 23.1173
359001 23.0669
360001 23.0319
361001 22.9954
362001 22.9695
363001 22.9585
364001 22.9288
365001 22.9094
366001 22.8943
367001 22.8638
368001 22.8338
369001 22.8106
370001 22.7852
371001 22.7609
372001 22.7267
373001 22.6993
374001 22.6537
375001 22.5936
376001 22.5488
377001 22.5064
378001 22.4634
379001 22.4236
380001 22.3686
381001 22.3323
382001 22.2852
383001 22.2311
384001 22.177
385001 22.1431
386001 22.0881
387001 22.0471
388001 22.017
389001 21.9947
390001 21.991
391001 21.9894
392001 21.951
393001 21.9269
394001 21.8965
395001 21.8762
396001 21.8371
397001 21.8061
398001 21.7691
399001 21.7322
400001 21.6476
401001 21.5891
402001 21.5276
403001 21.4847
404001 21.4502
405001 21.4037
406001 21.3488
407001 21.3042
408001 21.3163
409001 21.2462
410001 21.2063
411001 21.1926
412001 21.181
413001 21.1825
414001 21.1719
415001 21.1508
416001 21.1701
417001 21.1654
418001 21.1461
419001 21.1283
420001 21.121
421001 21.1138
422001 21.1031
423001 21.0637
424001 21.0406
425001 21.0022
426001 20.9595
427001 20.9248
428001 20.8859
429001 20.847
430001 20.8107
431001 20.8007
432001 20.738
433001 20.7055
434001 20.6634
435001 20.6032
436001 20.5583
437001 20.4962
438001 20.4666
439001 20.4416
440001 20.4203
441001 20.4307
442001 20.4036
443001 20.3727
444001 20.3493
445001 20.3241
446001 20.3015
447001 20.2806
448001 20.2719
449001 20.2352
450001 20.2052
451001 20.1954
452001 20.1622
453001 20.1391
454001 20.1135
455001 20.0832
456001 20.0483
457001 20.0101
458001 19.9682
459001 19.9429
460001 19.9048
461001 19.8846
462001 19.8634
463001 19.8518
464001 19.8314
465001 19.8192
466001 19.8111
467001 19.8063
468001 19.7885
469001 19.7701
470001 19.7536
471001 19.7349
472001 19.7047
473001 19.6641
474001 19.6297
475001 19.589
476001 19.5519
477001 19.5126
478001 19.4698
479001 19.4231
480001 19.367
481001 19.3132
482001 19.2911
483001 19.2443
484001 19.2109
485001 19.1789
486001 19.1542
487001 19.1334
488001 19.1068
489001 19.0968
490001 19.082
491001 19.087
492001 19.0912
493001 19.0773
494001 19.0415
495001 19.0377
496001 19.025
497001 19.0014
498001 18.9795
499001 19.0304
500001 18.9265
501001 18.884
502001 18.8571
503001 18.8246
504001 18.7983
505001 18.7767
506001 18.7287
507001 18.6864
508001 18.6555
509001 18.655
510001 18.6414
511001 18.6267
512001 18.651
513001 18.6116
514001 18.6133
515001 18.5919
516001 18.6115
517001 18.6044
518001 18.5977
519001 18.5818
520001 18.567
521001 18.5626
522001 18.5243
523001 18.5157
524001 18.4826
525001 18.4654
526001 18.4332
527001 18.4024
528001 18.3804
529001 18.3479
530001 18.3158
531001 18.2859
532001 18.273
533001 18.2453
534001 18.1954
535001 18.1438
536001 18.0982
537001 18.0779
538001 18.0621
539001 18.0596
540001 18.0253
541001 18.0075
542001 18.0186
543001 18.0116
544001 17.9983
545001 17.9961
546001 17.9839
547001 17.968
548001 17.9461
549001 17.9366
550001 17.9242
551001 17.9054
552001 17.8923
553001 17.874
554001 17.8485
555001 17.8355
556001 17.7942
557001 17.7569
558001 17.73
559001 17.6964
560001 17.6845
561001 17.6611
562001 17.6395
563001 17.6206
564001 17.6115
565001 17.5995
566001 17.599
567001 17.5907
568001 17.5842
569001 17.5644
570001 17.5558
571001 17.5272
572001 17.5047
573001 17.4756
574001 17.4442
575001 17.4152
576001 17.3898
577001 17.3522
578001 17.3095
579001 17.2719
580001 17.2394
581001 17.1954
582001 17.189
583001 17.1574
584001 17.1411
585001 17.1329
586001 17.122
587001 17.1113
588001 17.0991
589001 17.0927
590001 17.0883
591001 17.0753
592001 17.0865
593001 17.0846
594001 17.0778
595001 17.0671
596001 17.0705
597001 17.0467
598001 17.0341
599001 17.0699
600001 17.009
601001 16.9921
602001 16.9704
603001 16.9469
604001 16.9145
605001 16.891
606001 16.8694
607001 16.8389
608001 16.8229
609001 16.8228
610001 16.8626
611001 16.8119
612001 16.795
613001 16.7906
614001 16.7824
615001 16.7977
616001 16.7646
617001 16.7881
618001 16.7773
619001 16.7569
620001 16.7672
621001 16.7451
622001 16.7379
623001 16.7268
624001 16.7084
625001 16.6899
626001 16.6871
627001 16.6652
628001 16.6523
629001 16.6384
630001 16.6122
631001 16.5866
632001 16.561
633001 16.548
634001 16.5075
635001 16.489
636001 16.4657
637001 16.4518
638001 16.4371
639001 16.4218
640001 16.4079
641001 16.3948
642001 16.3978
643001 16.4209
644001 16.4277
645001 16.4213
646001 16.4137
647001 16.4111
648001 16.3871
649001 16.3799
650001 16.3611
651001 16.3465
652001 16.349
653001 16.3119
654001 16.2855
655001 16.2711
656001 16.2224
657001 16.1881
658001 16.1541
659001 16.1196
660001 16.1004
661001 16.085
662001 16.0745
663001 16.0691
664001 16.0425
665001 16.0317
666001 16.0288
667001 16.0285
668001 16.0193
669001 15.9991
670001 15.9943
671001 15.9776
672001 15.9614
673001 15.9404
674001 15.9202
675001 15.9047
676001 15.8867
677001 15.8653
678001 15.8362
679001 15.8098
680001 15.7936
681001 15.7822
682001 15.7644
683001 15.7683
684001 15.7643
685001 15.765
686001 15.7524
687001 15.7603
688001 15.7416
689001 15.7296
690001 15.7214
691001 15.7137
692001 15.7234
693001 15.7433
694001 15.7256
695001 15.7231
696001 15.7163
697001 15.7136
698001 15.6931
699001 15.6846
700001 15.6835
701001 15.6595
702001 15.6298
703001 15.6116
704001 15.5845
705001 15.5536
706001 15.5483
707001 15.5344
708001 15.5156
709001 15.4963
710001 15.5729
711001 15.5214
712001 15.5039
713001 15.4931
714001 15.486
715001 15.5005
716001 15.4954
717001 15.4704
718001 15.498
719001 15.4976
720001 15.4895
721001 15.4782
722001 15.489
723001 15.4869
724001 15.4687
725001 15.4561
726001 15.4513
727001 15.4411
728001 15.4357
729001 15.4266
730001 15.4166
731001 15.4029
732001 15.3815
733001 15.3981
734001 15.3593
735001 15.3488
736001 15.342
737001 15.3361
738001 15.3138
739001 15.3043
740001 15.3041
741001 15.2917
742001 15.2891
743001 15.3325
744001 15.3274
745001 15.3142
746001 15.3127
747001 15.2986
748001 15.2858
749001 15.271
750001 15.2778
751001 15.2774
752001 15.2268
753001 15.2227
754001 15.1826
755001 15.1479
756001 15.1163
757001 15.0894
758001 15.0525
759001 15.0358
760001 14.999
761001 15.0036
762001 14.9761
763001 14.9768
764001 14.9641
765001 14.9639
766001 14.9557
767001 14.943
768001 14.9565
769001 14.9595
770001 14.9507
771001 14.9387
772001 14.9268
773001 14.9303
774001 14.9116
775001 14.8974
776001 14.8956
777001 14.8825
778001 14.8677
779001 14.8504
780001 14.8398
781001 14.8312
782001 14.8308
783001 14.8106
784001 14.8176
785001 14.8106
786001 14.809
787001 14.8014
788001 14.7941
789001 14.7845
790001 14.7741
791001 14.7672
792001 14.7579
793001 14.7764
794001 14.7967
795001 14.7903
796001 14.7573
797001 14.7555
798001 14.7542
799001 14.7337
800001 14.7338
801001 14.8177
802001 14.7223
803001 14.6726
804001 14.6614
805001 14.6375
806001 14.6184
807001 14.6331
808001 14.6167
809001 14.6029
810001 14.596
811001 14.6728
812001 14.6137
813001 14.597
814001 14.6469
815001 14.6054
816001 14.6143
817001 14.6034
818001 14.642
819001 14.6425
820001 14.6469
821001 14.6515
822001 14.6493
823001 14.6325
824001 14.6268
825001 14.633
826001 14.6146
827001 14.6129
828001 14.6015
829001 14.5928
830001 14.5882
831001 14.5709
832001 14.5534
833001 14.5446
834001 14.5664
835001 14.5313
836001 14.5276
837001 14.5111
838001 14.4983
839001 14.5082
840001 14.4991
841001 14.4766
842001 14.4689
843001 14.4749
844001 14.5075
845001 14.5105
846001 14.4936
847001 14.4944
848001 14.4783
849001 14.4643
850001 14.4493
851001 14.4388
852001 14.4205
853001 14.3965
854001 14.3821
855001 14.3676
856001 14.3368
857001 14.3177
858001 14.2957
859001 14.276
860001 14.2726
861001 14.2572
862001 14.2544
863001 14.245
864001 14.2411
865001 14.2316
866001 14.2372
867001 14.2351
868001 14.2466
869001 14.2569
870001 14.2638
871001 14.2572
872001 14.2509
873001 14.243
874001 14.2367
875001 14.229
876001 14.2212
877001 14.2107
878001 14.2024
879001 14.1846
880001 14.1666
881001 14.156
882001 14.1539
883001 14.1302
884001 14.1181
885001 14.1311
886001 14.1175
887001 14.115
888001 14.1004
889001 14.0983
890001 14.0875
891001 14.0779
892001 14.0821
893001 14.0724
894001 14.092
895001 14.1043
896001 14.0844
897001 14.0792
898001 14.0844
899001 14.0665
900001 14.0702
901001 14.1131
902001 14.0467
903001 14.0509
904001 14.0274
905001 14.016
906001 13.9978
907001 13.9951
908001 14.003
909001 14.0055
910001 13.9908
911001 14.0036
912001 14.0057
913001 14.0108
914001 13.9969
915001 14.0074
916001 14.0052
917001 14.0358
918001 14.014
919001 14.0553
920001 14.0555
921001 14.0639
922001 14.0708
923001 14.0528
924001 14.0492
925001 14.0427
926001 14.03
927001 14.0233
928001 14.0236
929001 14.008
930001 14.0032
931001 13.9872
932001 13.9624
933001 13.9434
934001 13.9251
935001 13.9413
936001 13.9339
937001 13.8916
938001 13.8802
939001 13.8804
940001 13.876
941001 13.8657
942001 13.8924
943001 13.8566
944001 13.8594
945001 13.8938
946001 13.9028
947001 13.8865
948001 13.8865
949001 13.8777
950001 13.8633
951001 13.8464
952001 13.8451
953001 13.8318
954001 13.8156
955001 13.8077
956001 13.7971
957001 13.7796
958001 13.7844
959001 13.7722
960001 13.7588
961001 13.7482
962001 13.7419
963001 13.7659
964001 13.7472
965001 13.7589
966001 13.7366
967001 13.7439
968001 13.7555
969001 13.7549
970001 13.7578
971001 13.7641
972001 13.7746
973001 13.7592
974001 13.7444
975001 13.7362
976001 13.7161
977001 13.7049
978001 13.6921
979001 13.6798
980001 13.6603
981001 13.6437
982001 13.6295
983001 13.6239
984001 13.6041
985001 13.6115
986001 13.6001
987001 13.6096
988001 13.5988
989001 13.5891
990001 13.5903
991001 13.5808
992001 13.5726
993001 13.5731
994001 13.5908
995001 13.6182
996001 13.5969
997001 13.6049
998001 13.6099
999001 13.6106
1000001 13.599
1001001 13.5877
1002001 13.6066
1003001 13.5941
1004001 13.5765
1005001 13.5701
1006001 13.561
1007001 13.5484
1008001 13.5491
1009001 13.5551
1010001 13.5453
1011001 13.5343
1012001 13.6275
1013001 13.6143
1014001 13.5653
1015001 13.5534
1016001 13.5585
1017001 13.5593
1018001 13.5778
1019001 13.5575
1020001 13.5976
1021001 13.6026
1022001 13.5916
1023001 13.5875
1024001 13.602
1025001 13.5975
1026001 13.5838
1027001 13.5648
1028001 13.5559
1029001 13.5502
1030001 13.5416
1031001 13.526
1032001 13.5099
1033001 13.491
1034001 13.4663
1035001 13.4884
1036001 13.4488
1037001 13.4315
1038001 13.4362
1039001 13.4318
1040001 13.4134
1041001 13.4045
1042001 13.4116
1043001 13.4146
1044001 13.4051
1045001 13.4545
1046001 13.459
1047001 13.453
1048001 13.463
1049001 13.4508
1050001 13.4676
1051001 13.4363
1052001 13.4451
1053001 13.4628
1054001 13.4174
1055001 13.4289
1056001 13.4064
1057001 13.3964
1058001 13.3911
1059001 13.3884
1060001 13.3785
1061001 13.3677
1062001 13.3523
1063001 13.3702
1064001 13.3536
1065001 13.3557
1066001 13.3438
1067001 13.3399
1068001 13.3555
1069001 13.3442
1070001 13.3577
1071001 13.3658
1072001 13.359
1073001 13.3522
1074001 13.3436
1075001 13.3422
1076001 13.317
1077001 13.3004
1078001 13.2999
1079001 13.2915
1080001 13.2694
1081001 13.2538
1082001 13.2415
1083001 13.23
1084001 13.2283
1085001 13.2086
1086001 13.2187
1087001 13.2195
1088001 13.2229
1089001 13.2166
1090001 13.2295
1091001 13.2104
1092001 13.2055
1093001 13.206
1094001 13.2013
1095001 13.2308
1096001 13.2665
1097001 13.2424
1098001 13.2417
1099001 13.252
1100001 13.2612
1101001 13.248
1102001 13.2489
1103001 13.2542
1104001 13.2649
1105001 13.2239
1106001 13.2229
1107001 13.2064
1108001 13.195
1109001 13.2149
1110001 13.1985
1111001 13.1808
1112001 13.1851
1113001 13.2644
1114001 13.208
1115001 13.1841
1116001 13.1929
1117001 13.1943
1118001 13.2101
1119001 13.2012
1120001 13.2287
1121001 13.2322
1122001 13.2378
1123001 13.2264
1124001 13.2375
1125001 13.2185
1126001 13.2112
1127001 13.2263
1128001 13.195
1129001 13.1918
1130001 13.1756
1131001 13.1651
1132001 13.1596
1133001 13.1406
1134001 13.1242
1135001 13.1095
1136001 13.1437
1137001 13.11
1138001 13.0987
1139001 13.1005
1140001 13.0899
1141001 13.1101
1142001 13.1049
1143001 13.0898
1144001 13.086
1145001 13.0868
1146001 13.1377
1147001 13.1551
1148001 13.1469
1149001 13.149
1150001 13.1483
1151001 13.1377
1152001 13.1338
1153001 13.1439
1154001 13.1233
1155001 13.1089
1156001 13.1037
1157001 13.1006
1158001 13.0859
1159001 13.0772
1160001 13.0624
1161001 13.0497
1162001 13.0505
1163001 13.0387
1164001 13.0403
1165001 13.0234
1166001 13.023
1167001 13.0239
1168001 13.0251
1169001 13.0166
1170001 13.0249
1171001 13.0307
1172001 13.0397
1173001 13.0334
1174001 13.029
1175001 13.0197
1176001 13.0171
1177001 13.0075
1178001 12.9999
1179001 12.9931
1180001 12.9841
1181001 12.9703
1182001 12.9606
1183001 12.9505
1184001 12.9462
1185001 12.937
1186001 12.927
1187001 12.9491
1188001 12.9421
1189001 12.9435
1190001 12.9374
1191001 12.9378
1192001 12.9359
1193001 12.9301
1194001 12.9349
1195001 12.9359
1196001 12.9674
1197001 12.9904
1198001 12.9967
1199001 12.9744
1200001 12.9885
1201001 12.9884
1202001 12.9847
1203001 13.033
1204001 13.0873
1205001 12.9721
1206001 12.9482
1207001 12.9354
1208001 12.9127
1209001 12.9081
1210001 12.9115
1211001 12.9105
1212001 12.8927
1213001 12.8801
1214001 12.9054
1215001 12.9093
1216001 12.8955
1217001 12.9034
1218001 12.901
1219001 12.9129
1220001 12.8993
1221001 12.9476
1222001 12.9479
1223001 12.9589
1224001 12.9562
1225001 12.9441
1226001 12.9622
1227001 12.9375
1228001 12.9365
1229001 12.9204
1230001 12.9242
1231001 12.9039
1232001 12.8957
1233001 12.8926
1234001 12.8798
1235001 12.865
1236001 12.8654
1237001 12.8881
1238001 12.8933
1239001 12.8574
1240001 12.8591
1241001 12.861
1242001 12.861
1243001 12.8594
1244001 12.8944
1245001 12.8656
1246001 12.8629
1247001 12.9037
1248001 12.9225
1249001 12.9106
1250001 12.9145
1251001 12.9109
1252001 12.8963
1253001 12.8826
1254001 12.8829
1255001 12.8756
1256001 12.8601
1257001 12.8499
1258001 12.8358
1259001 12.8188
1260001 12.8232
1261001 12.8085
1262001 12.7943
1263001 12.7953
1264001 12.778
1265001 12.8026
1266001 12.7817
1267001 12.7929
1268001 12.7672
1269001 12.7735
1270001 12.7873
1271001 12.7885
1272001 12.7935
1273001 12.8043
1274001 12.8159
1275001 12.8104
1276001 12.7953
1277001 12.7983
1278001 12.7845
1279001 12.7784
1280001 12.7708
1281001 12.7677
1282001 12.7576
1283001 12.7448
1284001 12.7405
1285001 12.7426
1286001 12.7214
1287001 12.7471
1288001 12.7299
1289001 12.7445
1290001 12.7339
1291001 12.7343
1292001 12.7301
1293001 12.7328
1294001 12.728
1295001 12.732
1296001 12.7438
1297001 12.7825
1298001 12.763
1299001 12.7625
1300001 12.7747
1301001 12.7795
1302001 12.7583
1303001 12.7569
1304001 12.7743
1305001 12.7497
1306001 12.7413
1307001 12.7265
1308001 12.711
1309001 12.6921
1310001 12.6904
1311001 12.6933
1312001 12.6828
1313001 12.6736
1314001 12.6932
1315001 12.7584
1316001 12.705
1317001 12.694
1318001 12.6992
1319001 12.7015
1320001 12.7333
1321001 12.7053
1322001 12.7441
1323001 12.7516
1324001 12.7434
1325001 12.7708
1326001 12.7581
1327001 12.7523
1328001 12.7491
1329001 12.7373
1330001 12.7296
1331001 12.7296
1332001 12.7255
1333001 12.7178
1334001 12.7183
1335001 12.7032
1336001 12.694
1337001 12.685
1338001 12.7002
1339001 12.6798
1340001 12.6886
1341001 12.6734
1342001 12.674
1343001 12.6789
1344001 12.6747
1345001 12.6821
1346001 12.6741
1347001 12.6853
1348001 12.7197
1349001 12.7188
1350001 12.731
1351001 12.7236
1352001 12.7351
1353001 12.7052
1354001 12.7071
1355001 12.7256
1356001 12.6804
1357001 12.6935
1358001 12.661
1359001 12.6483
1360001 12.6627
1361001 12.6377
1362001 12.6311
1363001 12.6204
1364001 12.6082
1365001 12.6113
1366001 12.6124
1367001 12.6134
1368001 12.6079
1369001 12.6056
1370001 12.6107
1371001 12.6153
1372001 12.6389
1373001 12.6515
1374001 12.6442
1375001 12.6466
1376001 12.6513
1377001 12.645
1378001 12.6385
1379001 12.6234
1380001 12.6266
1381001 12.625
1382001 12.6083
1383001 12.5966
1384001 12.5876
1385001 12.5787
1386001 12.5775
1387001 12.5591
1388001 12.5746
1389001 12.5757
1390001 12.5791
1391001 12.5746
1392001 12.5918
1393001 12.5752
1394001 12.5682
1395001 12.568
1396001 12.5663
1397001 12.5829
1398001 12.6296
1399001 12.6053
1400001 12.6101
1401001 12.6107
1402001 12.6211
1403001 12.6052
1404001 12.6048
1405001 12.6101
1406001 12.5991
1407001 12.5787
1408001 12.5731
1409001 12.561
1410001 12.5485
1411001 12.5592
1412001 12.5575
1413001 12.5474
1414001 12.5554
1415001 12.6363
1416001 12.5827
1417001 12.56
1418001 12.5697
1419001 12.5747
1420001 12.597
1421001 12.5975
1422001 12.5756
1423001 12.6185
1424001 12.6346
1425001 12.6245
1426001 12.6154
1427001 12.6241
1428001 12.6347
1429001 12.6401
1430001 12.6084
1431001 12.6091
1432001 12.6024
1433001 12.5939
1434001 12.5929
1435001 12.5838
1436001 12.5716
1437001 12.5614
1438001 12.5971
1439001 12.5558
1440001 12.5544
1441001 12.5546
1442001 12.5551
1443001 12.5638
1444001 12.536
1445001 12.539
1446001 12.5348
1447001 12.5368
1448001 12.5954
1449001 12.5955
1450001 12.5896
1451001 12.5956
1452001 12.5892
1453001 12.5821
1454001 12.5737
1455001 12.5891
1456001 12.566
1457001 12.552
1458001 12.5666
1459001 12.5428
1460001 12.5326
1461001 12.5285
1462001 12.5271
1463001 12.5151
1464001 12.5172
1465001 12.5096
1466001 12.5169
1467001 12.4984
1468001 12.5073
1469001 12.5052
1470001 12.5109
1471001 12.5119
1472001 12.5164
1473001 12.5299
1474001 12.5432
1475001 12.541
1476001 12.5342
1477001 12.5323
1478001 12.5429
1479001 12.5268
1480001 12.5198
1481001 12.5164
1482001 12.5075
1483001 12.4948
1484001 12.4841
1485001 12.4714
1486001 12.4662
1487001 12.4561
1488001 12.4435
1489001 12.4572
1490001 12.4535
1491001 12.4596
1492001 12.4599
1493001 12.4573
1494001 12.4578
1495001 12.4499
1496001 12.4552
1497001 12.452
1498001 12.4819
1499001 12.5122
1500001 12.5219
1501001 12.4932
1502001 12.5116
1503001 12.5124
1504001 12.509
1505001 12.5088
1506001 12.6192
1507001 12.5027
1508001 12.4734
1509001 12.4762
1510001 12.4619
1511001 12.4526
1512001 12.4781
1513001 12.4684
1514001 12.4588
1515001 12.4542
1516001 12.4807
1517001 12.4852
1518001 12.4766
1519001 12.5323
1520001 12.4882
1521001 12.5036
1522001 12.4913
1523001 12.5366
1524001 12.5416
1525001 12.5533
1526001 12.5537
1527001 12.5511
1528001 12.563
1529001 12.5282
1530001 12.5392
1531001 12.5214
1532001 12.5227
1533001 12.5117
1534001 12.5027
1535001 12.5017
1536001 12.4898
1537001 12.4744
1538001 12.4716
1539001 12.4952
1540001 12.472
1541001 12.4764
1542001 12.4624
1543001 12.4542
1544001 12.4623
1545001 12.471
1546001 12.4533
1547001 12.4666
1548001 12.4655
1549001 12.5095
1550001 12.522
1551001 12.5169
1552001 12.5263
1553001 12.5181
1554001 12.5087
1555001 12.4999
1556001 12.4984
1557001 12.4949
1558001 12.4824
1559001 12.4787
1560001 12.4773
1561001 12.4623
1562001 12.4563
1563001 12.4466
1564001 12.4368
1565001 12.4414
1566001 12.4231
1567001 12.4342
1568001 12.4289
1569001 12.4236
1570001 12.4175
1571001 12.4246
1572001 12.4241
1573001 12.4436
1574001 12.449
1575001 12.4617
1576001 12.457
1577001 12.4661
1578001 12.4526
1579001 12.4529
1580001 12.4446
1581001 12.4379
1582001 12.4314
1583001 12.43
1584001 12.4165
1585001 12.4017
1586001 12.3958
1587001 12.3967
1588001 12.3765
1589001 12.4018
1590001 12.3856
1591001 12.3861
1592001 12.3913
1593001 12.3883
1594001 12.3896
1595001 12.3834
1596001 12.3879
1597001 12.3946
1598001 12.3897
1599001 12.4212
1600001 12.4318
1601001 12.4347
1602001 12.4339
1603001 12.4528
1604001 12.4337
1605001 12.4316
1606001 12.4978
1607001 12.4297
1608001 12.4269
1609001 12.4161
1610001 12.4072
1611001 12.3969
1612001 12.3957
1613001 12.4028
1614001 12.4109
1615001 12.4
1616001 12.4148
1617001 12.482
1618001 12.4269
1619001 12.4167
1620001 12.4245
1621001 12.4248
1622001 12.462
1623001 12.435
1624001 12.4812
1625001 12.4797
1626001 12.4672
1627001 12.4963
1628001 12.4765
1629001 12.4765
1630001 12.4731
1631001 12.4619
1632001 12.4545
1633001 12.4646
1634001 12.4529
1635001 12.452
1636001 12.4447
1637001 12.4288
1638001 12.4201
1639001 12.4109
1640001 12.4283
1641001 12.4072
1642001 12.408
1643001 12.4027
1644001 12.4111
1645001 12.412
1646001 12.4093
1647001 12.4472
1648001 12.4096
1649001 12.4255
1650001 12.4667
1651001 12.4816
1652001 12.4811
1653001 12.4792
1654001 12.4739
1655001 12.4622
1656001 12.4633
1657001 12.4509
1658001 12.4417
1659001 12.458
1660001 12.4282
1661001 12.4151
1662001 12.4282
1663001 12.4034
1664001 12.3923
1665001 12.382
1666001 12.3721
1667001 12.3736
1668001 12.3923
1669001 12.3753
1670001 12.3861
1671001 12.368
1672001 12.3719
1673001 12.3861
1674001 12.3959
1675001 12.4133
1676001 12.407
1677001 12.4189
1678001 12.4111
1679001 12.4058
1680001 12.3981
1681001 12.3883
1682001 12.3887
1683001 12.3771
1684001 12.377
1685001 12.3636
1686001 12.3512
1687001 12.3471
1688001 12.3468
1689001 12.3336
1690001 12.3493
1691001 12.3524
1692001 12.3594
1693001 12.3538
1694001 12.3704
1695001 12.3568
1696001 12.3506
1697001 12.3518
1698001 12.3531
1699001 12.377
1700001 12.4108
1701001 12.3956
1702001 12.4045
1703001 12.4119
1704001 12.4168
1705001 12.4032
1706001 12.4035
1707001 12.4147
1708001 12.4002
1709001 12.3818
1710001 12.3801
1711001 12.3723
1712001 12.3572
1713001 12.3701
1714001 12.3691
1715001 12.3583
1716001 12.3463
1717001 12.4503
1718001 12.3957
1719001 12.3853
1720001 12.381
1721001 12.3819
1722001 12.4093
1723001 12.412
1724001 12.3896
1725001 12.4324
1726001 12.4373
1727001 12.4352
1728001 12.426
1729001 12.4431
1730001 12.4451
1731001 12.4337
1732001 12.4202
1733001 12.4221
1734001 12.4172
1735001 12.4167
1736001 12.4093
1737001 12.4047
1738001 12.3983
1739001 12.3847
1740001 12.4196
1741001 12.3868
1742001 12.3862
1743001 12.3875
1744001 12.3884
1745001 12.3737
1746001 12.3693
1747001 12.3785
1748001 12.3834
1749001 12.3749
1750001 12.4355
1751001 12.4401
1752001 12.4337
1753001 12.4429
1754001 12.4385
1755001 12.4551
1756001 12.4215
1757001 12.4376
1758001 12.4503
1759001 12.4023
1760001 12.4164
1761001 12.3906
1762001 12.3783
1763001 12.3717
1764001 12.3702
1765001 12.3566
1766001 12.3509
1767001 12.3366
1768001 12.3589
1769001 12.3431
1770001 12.3477
1771001 12.3372
1772001 12.3538
1773001 12.3554
1774001 12.3486
1775001 12.3726
1776001 12.3866
1777001 12.3849
1778001 12.3804
1779001 12.3752
1780001 12.3865
1781001 12.3693
1782001 12.3571
1783001 12.362
1784001 12.3542
1785001 12.3413
1786001 12.333
1787001 12.3245
1788001 12.3176
1789001 12.3221
1790001 12.3051
1791001 12.3203
1792001 12.321
1793001 12.3307
1794001 12.3272
1795001 12.3255
1796001 12.3271
1797001 12.3232
1798001 12.3255
1799001 12.3239
1800001 12.3563
1801001 12.3931
1802001 12.3959
1803001 12.3667
1804001 12.3783
1805001 12.3866
1806001 12.3746
1807001 12.3843
1808001 12.3802
1809001 12.3942
1810001 12.3511
1811001 12.3531
1812001 12.3409
1813001 12.3292
1814001 12.355
1815001 12.3439
1816001 12.3336
1817001 12.3399
1818001 12.4265
1819001 12.3614
1820001 12.3473
1821001 12.4092
1822001 12.365
1823001 12.3865
1824001 12.3681
1825001 12.4151
1826001 12.4189
1827001 12.426
1828001 12.4344
1829001 12.4339
1830001 12.4172
1831001 12.4143
1832001 12.4365
1833001 12.4066
1834001 12.41
1835001 12.4015
1836001 12.3932
1837001 12.3937
1838001 12.3843
1839001 12.3744
1840001 12.365
1841001 12.4059
1842001 12.3727
1843001 12.3756
1844001 12.3624
1845001 12.3555
1846001 12.3739
1847001 12.3711
1848001 12.3533
1849001 12.351
1850001 12.3649
1851001 12.4107
1852001 12.4248
1853001 12.415
1854001 12.4265
1855001 12.4194
1856001 12.4071
1857001 12.4032
1858001 12.4015
1859001 12.3927
1860001 12.3804
1861001 12.3787
1862001 12.3791
1863001 12.365
1864001 12.3589
1865001 12.3491
1866001 12.3418
1867001 12.3459
1868001 12.3369
1869001 12.3409
1870001 12.3355
1871001 12.3318
1872001 12.3355
1873001 12.3337
1874001 12.3347
1875001 12.3484
1876001 12.3623
1877001 12.3762
1878001 12.3716
1879001 12.3693
1880001 12.3654
1881001 12.3646
1882001 12.3584
1883001 12.3541
1884001 12.3481
1885001 12.345
1886001 12.3319
1887001 12.3184
1888001 12.3126
1889001 12.3177
1890001 12.2991
1891001 12.2924
1892001 12.3157
1893001 12.3095
1894001 12.3142
1895001 12.3053
1896001 12.3098
1897001 12.3064
1898001 12.3014
1899001 12.3132
1900001 12.3099
1901001 12.3437
1902001 12.3654
1903001 12.3752
1904001 12.3522
1905001 12.3669
1906001 12.3538
1907001 12.3655
1908001 12.4193
1909001 12.3493
1910001 12.3612
1911001 12.3403
1912001 12.3333
1913001 12.3168
1914001 12.3173
1915001 12.3305
1916001 12.3364
1917001 12.3235
1918001 12.3397
1919001 12.3458
1920001 12.3544
1921001 12.3406
1922001 12.354
1923001 12.354
1924001 12.3701
1925001 12.3664
1926001 12.4125
1927001 12.4139
1928001 12.4246
1929001 12.4349
1930001 12.4172
1931001 12.4379
1932001 12.415
1933001 12.4054
1934001 12.4019
1935001 12.408
1936001 12.3955
1937001 12.3976
1938001 12.3887
1939001 12.3736
1940001 12.3635
1941001 12.3538
1942001 12.3808
1943001 12.3859
1944001 12.3476
1945001 12.3488
1946001 12.3511
1947001 12.3501
1948001 12.349
1949001 12.3856
1950001 12.3541
1951001 12.3579
1952001 12.4051
1953001 12.421
1954001 12.4091
1955001 12.4154
1956001 12.4133
1957001 12.401
1958001 12.388
1959001 12.3928
1960001 12.384
1961001 12.3763
1962001 12.3725
1963001 12.3649
1964001 12.3505
1965001 12.3601
1966001 12.3489
1967001 12.3387
1968001 12.3297
1969001 12.3248
1970001 12.3525
1971001 12.3336
1972001 12.3476
1973001 12.3239
1974001 12.3343
1975001 12.3494
1976001 12.3538
1977001 12.3595
1978001 12.3709
1979001 12.386
1980001 12.3785
1981001 12.3695
1982001 12.3677
1983001 12.3526
1984001 12.3465
1985001 12.3416
1986001 12.3374
1987001 12.3234
1988001 12.3131
1989001 12.3074
1990001 12.3083
1991001 12.2939
1992001 12.3065
1993001 12.3021
1994001 12.3175
1995001 12.3108
1996001 12.3053
1997001 12.3108
1998001 12.3057
1999001 12.3011
