1 99.984
1001 29.9893
2001 29.9854
3001 29.8431
4001 29.6663
5001 29.3797
6001 29.2071
7001 29.0157
8001 28.8653
9001 28.7205
10001 28.6364
11001 28.5011
12001 28.3715
13001 28.2816
14001 28.2118
15001 28.1816
16001 28.1723
17001 28.1807
18001 28.2983
19001 28.3907
20001 28.5448
21001 28.5813
22001 28.5399
23001 28.5025
24001 28.4279
25001 28.3381
26001 28.2703
27001 28.189
28001 28.075
29001 27.972
30001 27.845
31001 27.7044
32001 27.4672
33001 27.2868
34001 27.0552
35001 26.8839
36001 26.8116
37001 26.7017
38001 26.6361
39001 26.5814
40001 26.4798
41001 26.3676
42001 26.2903
43001 26.2802
44001 26.2263
45001 26.1783
46001 26.1309
47001 26.1142
48001 26.0381
49001 26.0069
50001 25.9271
51001 25.8843
52001 25.8159
53001 25.7329
54001 25.6176
55001 25.4987
56001 25.3509
57001 25.2141
58001 25.1138
59001 24.9719
60001 24.902
61001 24.8362
62001 24.78
63001 24.7206
64001 24.6737
65001 24.6573
66001 24.6603
67001 24.6733
68001 24.6786
69001 24.6746
70001 24.6663
71001 24.6578
72001 24.6246
73001 24.5966
74001 24.5431
75001 24.4936
76001 24.4478
77001 24.4003
78001 24.3532
79001 24.3059
80001 24.2537
81001 24.2606
82001 24.1884
83001 24.1566
84001 24.0775
85001 23.9923
86001 23.8447
87001 23.7147
88001 23.7073
89001 23.6171
90001 23.56
91001 23.5597
92001 23.5719
93001 23.5696
94001 23.5733
95001 23.568
96001 23.5318
97001 23.4894
98001 23.4455
99001 23.4064
100001 23.4092
101001 23.5627
102001 23.3471
103001 23.1975
104001 22.9395
105001 22.6173
106001 22.3316
107001 22.1101
108001 21.8809
109001 21.717
110001 21.5782
111001 21.5089
112001 21.461
113001 21.432
114001 21.4297
115001 21.4403
116001 21.4742
117001 21.5372
118001 21.6065
119001 21.7389
120001 21.866
121001 21.9879
122001 22.0544
123001 22.1011
124001 22.1195
125001 22.1204
126001 22.0995
127001 22.1111
128001 22.1321
129001 22.1697
130001 22.2211
131001 22.2689
132001 22.2818
133001 22.2235
134001 22.1788
135001 22.0041
136001 21.8836
137001 21.7956
138001 21.6736
139001 21.5785
140001 21.4804
141001 21.4005
142001 21.3902
143001 21.3877
144001 21.4155
145001 21.453
146001 21.4382
147001 21.372
148001 21.3531
149001 21.2736
150001 21.1912
151001 21.1196
152001 21.0559
153001 21.0001
154001 20.9261
155001 20.8273
156001 20.7371
157001 20.6057
158001 20.4722
159001 20.3068
160001 20.1758
161001 20.0284
162001 19.9191
163001 19.8359
164001 19.7775
165001 19.7046
166001 19.657
167001 19.6322
168001 19.5935
169001 19.5911
170001 19.5926
171001 19.5823
172001 19.5826
173001 19.5733
174001 19.5695
175001 19.5432
176001 19.4799
177001 19.3853
178001 19.3357
179001 19.2402
180001 19.1738
181001 19.1552
182001 19.17
183001 19.2035
184001 19.2238
185001 19.2479
186001 19.1908
187001 19.1059
188001 19.0295
189001 18.961
190001 18.8696
191001 18.8043
192001 18.794
193001 18.7633
194001 18.7383
195001 18.7297
196001 18.7159
197001 18.6939
198001 18.6783
199001 18.6507
200001 18.6115
201001 18.5382
202001 18.458
203001 18.3303
204001 18.1752
205001 18.0113
206001 17.8482
207001 17.6964
208001 17.5465
209001 17.4543
210001 17.3609
211001 17.3227
212001 17.3117
213001 17.3043
214001 17.3062
215001 17.3162
216001 17.3532
217001 17.3912
218001 17.4497
219001 17.5113
220001 17.5928
221001 17.655
222001 17.7173
223001 17.7813
224001 17.8405
225001 17.8735
226001 17.8755
227001 17.8654
228001 17.8275
229001 17.8401
230001 17.7805
231001 17.7892
232001 17.855
233001 17.9204
234001 18.0105
235001 18.0933
236001 18.0463
237001 18.0061
238001 17.9417
239001 17.9156
240001 17.8877
241001 17.8898
242001 17.9148
243001 17.9773
244001 18.0327
245001 18.0114
246001 17.9677
247001 17.8934
248001 17.8183
249001 17.7564
250001 17.7008
251001 17.6247
252001 17.5687
253001 17.5312
254001 17.5158
255001 17.4796
256001 17.4449
257001 17.3837
258001 17.2776
259001 17.2098
260001 17.1158
261001 17.0632
262001 16.9714
263001 16.9386
264001 16.9214
265001 16.9052
266001 16.8838
267001 16.8763
268001 16.9233
269001 16.9003
270001 16.962
271001 16.9526
272001 16.9581
273001 16.9572
274001 16.8613
275001 16.7637
276001 16.7255
277001 16.6332
278001 16.5283
279001 16.4698
280001 16.393
281001 16.3215
282001 16.2894
283001 16.1935
284001 16.1006
285001 16.0388
286001 15.9777
287001 15.8854
288001 15.8197
289001 15.7397
290001 15.6817
291001 15.6152
292001 15.606
293001 15.6194
294001 15.638
295001 15.6599
296001 15.7111
297001 15.7693
298001 15.8164
299001 15.8568
300001 15.855
301001 15.7976
302001 15.6995
303001 15.6698
304001 15.6415
305001 15.6227
306001 15.6164
307001 15.5743
308001 15.5412
309001 15.4868
310001 15.4738
311001 15.4403
312001 15.4307
313001 15.4471
314001 15.4449
315001 15.4326
316001 15.4598
317001 15.4782
318001 15.5137
319001 15.5326
320001 15.542
321001 15.5506
322001 15.5511
323001 15.5414
324001 15.5512
325001 15.5336
326001 15.5287
327001 15.5057
328001 15.4616
329001 15.3881
330001 15.3219
331001 15.2583
332001 15.1662
333001 15.0823
334001 15.0094
335001 14.9716
336001 14.9749
337001 14.9477
338001 14.9408
339001 14.9254
340001 14.9285
341001 14.9329
342001 14.9292
343001 14.9155
344001 14.8922
345001 14.8598
346001 14.8186
347001 14.7894
348001 14.7634
349001 14.7342
350001 14.7194
351001 14.6739
352001 14.6328
353001 14.6085
354001 14.5955
355001 14.6025
356001 14.5939
357001 14.6043
358001 14.6066
359001 14.5427
360001 14.5147
361001 14.4738
362001 14.4768
363001 14.4351
364001 14.431
365001 14.4398
366001 14.4503
367001 14.4689
368001 14.493
369001 14.527
370001 14.5406
371001 14.5823
372001 14.5757
373001 14.5678
374001 14.5617
375001 14.5462
376001 14.4988
377001 14.4761
378001 14.4124
379001 14.328
380001 14.2117
381001 14.0606
382001 13.9047
383001 13.7421
384001 13.5967
385001 13.4359
386001 13.3407
387001 13.2527
388001 13.1865
389001 13.1552
390001 13.1434
391001 13.1267
392001 13.1326
393001 13.1523
394001 13.1949
395001 13.2542
396001 13.3148
397001 13.3852
398001 13.4718
399001 13.5283
400001 13.5673
401001 13.5831
402001 13.5501
403001 13.5193
404001 13.6028
405001 13.6329
406001 13.6663
407001 13.6671
408001 13.6646
409001 13.6798
410001 13.6789
411001 13.7129
412001 13.7237
413001 13.721
414001 13.7631
415001 13.7667
416001 13.7857
417001 13.7914
418001 13.7874
419001 13.823
420001 13.8349
421001 13.8232
422001 13.8141
423001 13.7716
424001 13.7346
425001 13.7189
426001 13.7051
427001 13.6821
428001 13.6605
429001 13.6424
430001 13.6113
431001 13.587
432001 13.5376
433001 13.4924
434001 13.415
435001 13.2997
436001 13.1748
437001 13.0757
438001 12.985
439001 12.9262
440001 12.8599
441001 12.8021
442001 12.7142
443001 12.6336
444001 12.5697
445001 12.5348
446001 12.5221
447001 12.5143
448001 12.5125
449001 12.4971
450001 12.4823
451001 12.4489
452001 12.4498
453001 12.4222
454001 12.4009
455001 12.3836
456001 12.3705
457001 12.3391
458001 12.3171
459001 12.2778
460001 12.2337
461001 12.2106
462001 12.1713
463001 12.157
464001 12.1418
465001 12.1499
466001 12.1531
467001 12.1212
468001 12.1111
469001 12.1254
470001 12.1006
471001 12.1229
472001 12.1131
473001 12.1413
474001 12.1428
475001 12.166
476001 12.1998
477001 12.2055
478001 12.1874
479001 12.1153
480001 12.0069
481001 11.8906
482001 11.7613
483001 11.6441
484001 11.5284
485001 11.4457
486001 11.378
487001 11.3191
488001 11.2827
489001 11.2705
490001 11.2608
491001 11.2546
492001 11.2423
493001 11.2546
494001 11.2641
495001 11.2856
496001 11.3097
497001 11.3396
498001 11.4007
499001 11.4191
500001 11.4386
501001 11.4794
502001 11.4759
503001 11.4875
504001 11.5085
505001 11.5663
506001 11.5705
507001 11.5445
508001 11.5849
509001 11.5985
510001 11.6226
511001 11.6632
512001 11.7072
513001 11.741
514001 11.779
515001 11.7995
516001 11.8539
517001 11.8667
518001 11.8751
519001 11.8919
520001 11.9027
521001 11.9074
522001 11.9169
523001 11.9205
524001 11.9016
525001 11.8898
526001 11.8856
527001 11.8754
528001 11.874
529001 11.8615
530001 11.8643
531001 11.8692
532001 11.8924
533001 11.8986
534001 11.9198
535001 11.9027
536001 11.8584
537001 11.8052
538001 11.7615
539001 11.684
540001 11.6357
541001 11.5642
542001 11.5301
543001 11.4222
544001 11.3879
545001 11.3619
546001 11.3553
547001 11.3595
548001 11.3208
549001 11.3062
550001 11.2844
551001 11.2485
552001 11.201
553001 11.1575
554001 11.0989
555001 11.0557
556001 10.9777
557001 10.8776
558001 10.7675
559001 10.701
560001 10.6154
561001 10.5655
562001 10.522
563001 10.4942
564001 10.4475
565001 10.4424
566001 10.4354
567001 10.4145
568001 10.39
569001 10.3636
570001 10.3802
571001 10.3799
572001 10.4102
573001 10.4308
574001 10.4736
575001 10.518
576001 10.5742
577001 10.6215
578001 10.6334
579001 10.6119
580001 10.5802
581001 10.5222
582001 10.4855
583001 10.4323
584001 10.4258
585001 10.4123
586001 10.3996
587001 10.4061
588001 10.3848
589001 10.3716
590001 10.338
591001 10.3246
592001 10.2958
593001 10.2779
594001 10.2667
595001 10.2635
596001 10.2373
597001 10.2241
598001 10.2204
599001 10.2041
600001 10.1901
601001 10.1914
602001 10.1793
603001 10.1857
604001 10.1677
605001 10.1725
606001 10.1613
607001 10.1408
608001 10.1427
609001 10.1195
610001 10.144
611001 10.1561
612001 10.1853
613001 10.2153
614001 10.2511
615001 10.2805
616001 10.3032
617001 10.3267
618001 10.3307
619001 10.3291
620001 10.3343
621001 10.3308
622001 10.3254
623001 10.342
624001 10.3494
625001 10.3568
626001 10.3657
627001 10.3664
628001 10.3512
629001 10.3454
630001 10.3283
631001 10.329
632001 10.3177
633001 10.33
634001 10.3416
635001 10.366
636001 10.4004
637001 10.3969
638001 10.3754
639001 10.3948
640001 10.3603
641001 10.33
642001 10.3206
643001 10.3121
644001 10.2799
645001 10.2935
646001 10.2984
647001 10.2899
648001 10.2879
649001 10.256
650001 10.2415
651001 10.2038
652001 10.1921
653001 10.1673
654001 10.1134
655001 10.0573
656001 9.96035
657001 9.8438
658001 9.72143
659001 9.60528
660001 9.5153
661001 9.44094
662001 9.38035
663001 9.33693
664001 9.30937
665001 9.28923
666001 9.27914
667001 9.27581
668001 9.27828
669001 9.28809
670001 9.30311
671001 9.33807
672001 9.38913
673001 9.42413
674001 9.48587
675001 9.54248
676001 9.58768
677001 9.64656
678001 9.67415
679001 9.66156
680001 9.66408
681001 9.65547
682001 9.65328
683001 9.65465
684001 9.68388
685001 9.69082
686001 9.70233
687001 9.72685
688001 9.71582
689001 9.74353
690001 9.73847
691001 9.69892
692001 9.6836
693001 9.68989
694001 9.66943
695001 9.65396
696001 9.63066
697001 9.59558
698001 9.57407
699001 9.55392
700001 9.52022
701001 9.47641
702001 9.47075
703001 9.46528
704001 9.44959
705001 9.43185
706001 9.42542
707001 9.40647
708001 9.38848
709001 9.37332
710001 9.38001
711001 9.36981
712001 9.3789
713001 9.3772
714001 9.384
715001 9.37803
716001 9.37138
717001 9.36878
718001 9.35613
719001 9.33753
720001 9.31469
721001 9.30808
722001 9.2836
723001 9.28074
724001 9.27752
725001 9.27945
726001 9.27187
727001 9.27444
728001 9.25507
729001 9.23661
730001 9.22425
731001 9.17226
732001 9.14292
733001 9.10486
734001 9.07791
735001 9.07333
736001 9.03739
737001 9.03983
738001 9.02215
739001 8.99445
740001 8.98542
741001 8.97578
742001 8.94537
743001 8.94967
744001 8.92257
745001 8.9158
746001 8.90842
747001 8.89697
748001 8.89296
749001 8.87656
750001 8.88151
751001 8.87823
752001 8.88765
753001 8.91115
754001 8.91776
755001 8.91096
756001 8.86836
757001 8.81087
758001 8.74407
759001 8.68375
760001 8.62638
761001 8.57394
762001 8.53633
763001 8.51683
764001 8.49952
765001 8.48039
766001 8.49072
767001 8.49131
768001 8.5081
769001 8.51842
770001 8.54783
771001 8.56922
772001 8.59991
773001 8.61667
774001 8.64381
775001 8.68942
776001 8.70353
777001 8.70864
778001 8.71248
779001 8.71294
780001 8.69561
781001 8.69604
782001 8.6992
783001 8.69514
784001 8.69606
785001 8.69581
786001 8.7194
787001 8.70886
788001 8.74074
789001 8.74214
790001 8.76938
791001 8.78738
792001 8.7919
793001 8.78262
794001 8.80781
795001 8.79643
796001 8.7736
797001 8.73904
798001 8.72849
799001 8.69228
800001 8.67654
801001 8.65193
802001 8.63112
803001 8.63552
804001 8.63427
805001 8.63354
806001 8.63444
807001 8.63723
808001 8.66108
809001 8.67534
810001 8.66802
811001 8.69459
812001 8.68157
813001 8.67547
814001 8.65367
815001 8.6525
816001 8.62765
817001 8.60938
818001 8.59496
819001 8.57651
820001 8.56839
821001 8.53156
822001 8.5331
823001 8.52431
824001 8.5271
825001 8.49025
826001 8.50987
827001 8.49582
828001 8.47908
829001 8.47491
830001 8.43153
831001 8.40701
832001 8.33763
833001 8.27658
834001 8.21151
835001 8.14829
836001 8.09271
837001 8.0311
838001 7.97348
839001 7.92758
840001 7.89402
841001 7.84817
842001 7.82518
843001 7.7989
844001 7.77918
845001 7.7517
846001 7.73202
847001 7.71505
848001 7.70733
849001 7.71376
850001 7.73198
851001 7.76384
852001 7.79943
853001 7.85099
854001 7.903
855001 7.92657
856001 7.94467
857001 7.93593
858001 7.92561
859001 7.90409
860001 7.90374
861001 7.90973
862001 7.89316
863001 7.88071
864001 7.88899
865001 7.88205
866001 7.88849
867001 7.88903
868001 7.90983
869001 7.90421
870001 7.90357
871001 7.91224
872001 7.88416
873001 7.89218
874001 7.85689
875001 7.85812
876001 7.82647
877001 7.80598
878001 7.80339
879001 7.77212
880001 7.76536
881001 7.74499
882001 7.74229
883001 7.72652
884001 7.70855
885001 7.70007
886001 7.69045
887001 7.69931
888001 7.716
889001 7.73587
890001 7.74804
891001 7.77839
892001 7.79831
893001 7.8121
894001 7.82272
895001 7.81068
896001 7.78863
897001 7.76442
898001 7.73935
899001 7.72604
900001 7.69725
901001 7.69398
902001 7.68502
903001 7.68031
904001 7.68969
905001 7.67924
906001 7.68453
907001 7.68936
908001 7.69718
909001 7.71846
910001 7.73054
911001 7.71614
912001 7.71492
913001 7.72051
914001 7.71073
915001 7.69497
916001 7.67759
917001 7.6736
918001 7.65477
919001 7.65022
920001 7.65746
921001 7.64727
922001 7.64622
923001 7.6495
924001 7.67105
925001 7.64892
926001 7.67486
927001 7.66824
928001 7.6638
929001 7.67618
930001 7.66506
931001 7.63513
932001 7.58555
933001 7.53178
934001 7.4555
935001 7.38083
936001 7.30883
937001 7.24235
938001 7.18714
939001 7.13579
940001 7.10823
941001 7.06642
942001 7.04699
943001 7.02273
944001 7.01197
945001 7.00364
946001 7.00605
947001 7.00085
948001 7.00423
949001 7.03004
950001 7.04788
951001 7.0946
952001 7.11158
953001 7.15637
954001 7.18743
955001 7.2087
956001 7.22429
957001 7.22554
958001 7.23692
959001 7.24333
960001 7.25571
961001 7.26013
962001 7.24333
963001 7.25161
964001 7.24442
965001 7.25266
966001 7.25362
967001 7.26358
968001 7.24749
969001 7.24414
970001 7.24882
971001 7.21674
972001 7.20361
973001 7.16831
974001 7.14535
975001 7.09986
976001 7.09565
977001 7.05942
978001 7.03962
979001 7.0247
980001 7.024
981001 7.0062
982001 7.00451
983001 6.99875
984001 6.99442
985001 6.99996
986001 7.01569
987001 7.03076
988001 7.03285
989001 7.04613
990001 7.05855
991001 7.07723
992001 7.07167
993001 7.08334
994001 7.07298
995001 7.05773
996001 7.03804
997001 7.01766
998001 6.99003
999001 6.98857
1000001 6.96017
1001001 6.94139
1002001 6.93625
1003001 6.91598
1004001 6.91142
1005001 6.89426
1006001 6.8749
1007001 6.86498
1008001 6.8273
1009001 6.81931
1010001 6.78138
1011001 6.74847
1012001 6.73447
1013001 6.70638
1014001 6.69536
1015001 6.66731
1016001 6.66127
1017001 6.64226
1018001 6.63015
1019001 6.62839
1020001 6.63885
1021001 6.62866
1022001 6.63138
1023001 6.63244
1024001 6.64155
1025001 6.64725
1026001 6.66026
1027001 6.681
1028001 6.68721
1029001 6.7037
1030001 6.73051
1031001 6.7353
1032001 6.71554
1033001 6.68232
1034001 6.62672
1035001 6.58033
1036001 6.52919
1037001 6.48078
1038001 6.45379
1039001 6.43065
1040001 6.42802
1041001 6.42874
1042001 6.40118
1043001 6.40437
1044001 6.41416
1045001 6.42426
1046001 6.42372
1047001 6.45486
1048001 6.44951
1049001 6.45913
1050001 6.48515
1051001 6.49208
1052001 6.51325
1053001 6.52752
1054001 6.52529
1055001 6.51133
1056001 6.51818
1057001 6.49534
1058001 6.50785
1059001 6.4947
1060001 6.49304
1061001 6.47379
1062001 6.45087
1063001 6.45152
1064001 6.45575
1065001 6.45121
1066001 6.45306
1067001 6.457
1068001 6.47263
1069001 6.46245
1070001 6.45768
1071001 6.44955
1072001 6.43704
1073001 6.42428
1074001 6.39963
1075001 6.38195
1076001 6.3619
1077001 6.34462
1078001 6.33463
1079001 6.33573
1080001 6.33714
1081001 6.33179
1082001 6.34025
1083001 6.34044
1084001 6.356
1085001 6.36186
1086001 6.38029
1087001 6.40665
1088001 6.43226
1089001 6.43346
1090001 6.44643
1091001 6.43464
1092001 6.43231
1093001 6.41921
1094001 6.40143
1095001 6.41491
1096001 6.38248
1097001 6.3651
1098001 6.36768
1099001 6.35583
1100001 6.34386
1101001 6.32616
1102001 6.31914
1103001 6.29625
1104001 6.29226
1105001 6.27226
1106001 6.24349
1107001 6.22759
1108001 6.2038
1109001 6.15983
1110001 6.09713
1111001 6.03942
1112001 5.98528
1113001 5.94885
1114001 5.91128
1115001 5.87468
1116001 5.84997
1117001 5.82974
1118001 5.81376
1119001 5.79448
1120001 5.7848
1121001 5.77879
1122001 5.77434
1123001 5.76978
1124001 5.77367
1125001 5.77689
1126001 5.77422
1127001 5.80035
1128001 5.81464
1129001 5.83697
1130001 5.86513
1131001 5.89269
1132001 5.90902
1133001 5.89525
1134001 5.89277
1135001 5.86282
1136001 5.84858
1137001 5.82519
1138001 5.82253
1139001 5.82674
1140001 5.81328
1141001 5.82097
1142001 5.82788
1143001 5.81632
1144001 5.82213
1145001 5.83386
1146001 5.8361
1147001 5.84083
1148001 5.84636
1149001 5.86598
1150001 5.82642
1151001 5.81588
1152001 5.82181
1153001 5.80555
1154001 5.77432
1155001 5.77928
1156001 5.76372
1157001 5.7463
1158001 5.73174
1159001 5.71631
1160001 5.69709
1161001 5.67941
1162001 5.66135
1163001 5.64784
1164001 5.65289
1165001 5.65173
1166001 5.65434
1167001 5.67055
1168001 5.68508
1169001 5.69499
1170001 5.70267
1171001 5.70947
1172001 5.69835
1173001 5.68292
1174001 5.68037
1175001 5.6658
1176001 5.64899
1177001 5.63494
1178001 5.62903
1179001 5.61883
1180001 5.61578
1181001 5.62314
1182001 5.61807
1183001 5.62118
1184001 5.61847
1185001 5.62431
1186001 5.6273
1187001 5.62091
1188001 5.65015
1189001 5.6386
1190001 5.63264
1191001 5.6105
1192001 5.62154
1193001 5.59785
1194001 5.59986
1195001 5.58312
1196001 5.58109
1197001 5.57931
1198001 5.57533
1199001 5.57258
1200001 5.57182
1201001 5.55852
1202001 5.58691
1203001 5.56502
1204001 5.56728
1205001 5.56843
1206001 5.55455
1207001 5.55067
1208001 5.5409
1209001 5.52261
1210001 5.47875
1211001 5.43024
1212001 5.38951
1213001 5.35008
1214001 5.32
1215001 5.28239
1216001 5.26419
1217001 5.24619
1218001 5.23053
1219001 5.22098
1220001 5.20918
1221001 5.20488
1222001 5.19347
1223001 5.19959
1224001 5.21139
1225001 5.21448
1226001 5.21884
1227001 5.23668
1228001 5.24595
1229001 5.25004
1230001 5.27312
1231001 5.29786
1232001 5.30437
1233001 5.31538
1234001 5.30777
1235001 5.29387
1236001 5.30614
1237001 5.2969
1238001 5.28689
1239001 5.28992
1240001 5.27136
1241001 5.27497
1242001 5.27501
1243001 5.27599
1244001 5.26158
1245001 5.25005
1246001 5.25258
1247001 5.24134
1248001 5.23168
1249001 5.20478
1250001 5.18577
1251001 5.17488
1252001 5.14529
1253001 5.1282
1254001 5.10653
1255001 5.10286
1256001 5.08728
1257001 5.08677
1258001 5.07344
1259001 5.06413
1260001 5.05919
1261001 5.05778
1262001 5.05178
1263001 5.05337
1264001 5.06838
1265001 5.05978
1266001 5.09179
1267001 5.08925
1268001 5.10209
1269001 5.10388
1270001 5.11622
1271001 5.11694
1272001 5.10265
1273001 5.09625
1274001 5.08426
1275001 5.0918
1276001 5.0605
1277001 5.0654
1278001 5.04542
1279001 5.0406
1280001 5.03688
1281001 5.01379
1282001 4.9914
1283001 4.99626
1284001 4.98175
1285001 4.94926
1286001 4.92882
1287001 4.90467
1288001 4.87698
1289001 4.85977
1290001 4.82813
1291001 4.80928
1292001 4.78888
1293001 4.7762
1294001 4.7573
1295001 4.76518
1296001 4.75683
1297001 4.75304
1298001 4.74851
1299001 4.7456
1300001 4.74684
1301001 4.76194
1302001 4.7586
1303001 4.77604
1304001 4.79096
1305001 4.80559
1306001 4.82417
1307001 4.83949
1308001 4.85006
1309001 4.84665
1310001 4.83738
1311001 4.81459
1312001 4.79368
1313001 4.78607
1314001 4.76271
1315001 4.75306
1316001 4.73562
1317001 4.7359
1318001 4.72923
1319001 4.72444
1320001 4.72815
1321001 4.74002
1322001 4.73117
1323001 4.74967
1324001 4.769
1325001 4.7856
1326001 4.78835
1327001 4.77973
1328001 4.79619
1329001 4.8023
1330001 4.8179
1331001 4.81763
1332001 4.79227
1333001 4.79624
1334001 4.79024
1335001 4.77515
1336001 4.76094
1337001 4.75928
1338001 4.74469
1339001 4.73316
1340001 4.72844
1341001 4.70711
1342001 4.70293
1343001 4.70424
1344001 4.69359
1345001 4.69483
1346001 4.69257
1347001 4.68066
1348001 4.66555
1349001 4.64787
1350001 4.62869
1351001 4.61367
1352001 4.59586
1353001 4.58174
1354001 4.56911
1355001 4.56255
1356001 4.55834
1357001 4.57275
1358001 4.56665
1359001 4.56287
1360001 4.56725
1361001 4.57787
1362001 4.57881
1363001 4.5864
1364001 4.60066
1365001 4.62108
1366001 4.5974
1367001 4.60984
1368001 4.59497
1369001 4.61703
1370001 4.58375
1371001 4.59072
1372001 4.58337
1373001 4.56557
1374001 4.56807
1375001 4.56057
1376001 4.54966
1377001 4.55025
1378001 4.55441
1379001 4.55195
1380001 4.54453
1381001 4.53388
1382001 4.52533
1383001 4.50782
1384001 4.50386
1385001 4.47152
1386001 4.43685
1387001 4.40383
1388001 4.3524
1389001 4.31433
1390001 4.28355
1391001 4.25124
1392001 4.22793
1393001 4.20586
1394001 4.19399
1395001 4.17929
1396001 4.16858
1397001 4.16178
1398001 4.1556
1399001 4.14995
1400001 4.15162
1401001 4.15104
1402001 4.15951
1403001 4.17709
1404001 4.19224
1405001 4.21648
1406001 4.23586
1407001 4.2525
1408001 4.27958
1409001 4.28964
1410001 4.29493
1411001 4.3
1412001 4.28102
1413001 4.27663
1414001 4.26834
1415001 4.25195
1416001 4.24702
1417001 4.23427
1418001 4.26238
1419001 4.25301
1420001 4.24835
1421001 4.26802
1422001 4.26275
1423001 4.27258
1424001 4.26947
1425001 4.2815
1426001 4.29042
1427001 4.28506
1428001 4.27948
1429001 4.28069
1430001 4.26358
1431001 4.25619
1432001 4.24381
1433001 4.23221
1434001 4.21928
1435001 4.19956
1436001 4.19548
1437001 4.17762
1438001 4.17384
1439001 4.16297
1440001 4.16159
1441001 4.16381
1442001 4.16789
1443001 4.15639
1444001 4.15574
1445001 4.16882
1446001 4.17583
1447001 4.16829
1448001 4.1739
1449001 4.16295
1450001 4.14971
1451001 4.13359
1452001 4.13302
1453001 4.11511
1454001 4.10085
1455001 4.10523
1456001 4.08889
1457001 4.08612
1458001 4.07296
1459001 4.07975
1460001 4.08256
1461001 4.07948
1462001 4.0788
1463001 4.08304
1464001 4.06996
1465001 4.06978
1466001 4.04992
1467001 4.03432
1468001 4.02702
1469001 4.00051
1470001 4.00512
1471001 3.99118
1472001 3.98382
1473001 3.98542
1474001 3.98011
1475001 3.96629
1476001 3.97932
1477001 3.97727
1478001 3.99058
1479001 3.99908
1480001 3.99993
1481001 4.00578
1482001 4.01522
1483001 4.02895
1484001 4.02335
1485001 4.01867
1486001 3.99947
1487001 3.96653
1488001 3.94222
1489001 3.92002
1490001 3.89261
1491001 3.87341
1492001 3.86155
1493001 3.84927
1494001 3.82792
1495001 3.82627
1496001 3.81878
1497001 3.80706
1498001 3.80676
1499001 3.81104
1500001 3.81436
1501001 3.81024
1502001 3.82907
1503001 3.83256
1504001 3.83204
1505001 3.86021
1506001 3.86192
1507001 3.85959
1508001 3.89004
1509001 3.88366
1510001 3.87984
1511001 3.87973
1512001 3.89286
1513001 3.89246
1514001 3.87376
1515001 3.87112
1516001 3.84293
1517001 3.8371
1518001 3.82856
1519001 3.81947
1520001 3.80929
1521001 3.80916
1522001 3.80793
1523001 3.8071
1524001 3.79766
1525001 3.78479
1526001 3.77701
1527001 3.76106
1528001 3.75042
1529001 3.7358
1530001 3.73736
1531001 3.72143
1532001 3.713
1533001 3.70389
1534001 3.69571
1535001 3.68919
1536001 3.68328
1537001 3.66997
1538001 3.66408
1539001 3.67244
1540001 3.68375
1541001 3.69831
1542001 3.71025
1543001 3.71824
1544001 3.71103
1545001 3.72353
1546001 3.72866
1547001 3.74497
1548001 3.73192
1549001 3.74839
1550001 3.72648
1551001 3.7294
1552001 3.70578
1553001 3.71446
1554001 3.69779
1555001 3.67401
1556001 3.66684
1557001 3.65232
1558001 3.63987
1559001 3.63019
1560001 3.62586
1561001 3.6085
1562001 3.60898
1563001 3.58661
1564001 3.55754
1565001 3.52534
1566001 3.49701
1567001 3.4703
1568001 3.45554
1569001 3.43637
1570001 3.42134
1571001 3.40324
1572001 3.40056
1573001 3.39746
1574001 3.39363
1575001 3.39367
1576001 3.39118
1577001 3.40706
1578001 3.40828
1579001 3.43172
1580001 3.44264
1581001 3.45924
1582001 3.47727
1583001 3.50945
1584001 3.5276
1585001 3.53911
1586001 3.53549
1587001 3.53978
1588001 3.51836
1589001 3.51512
1590001 3.50454
1591001 3.50056
1592001 3.49877
1593001 3.50731
1594001 3.51901
1595001 3.50227
1596001 3.50809
1597001 3.49303
1598001 3.4998
1599001 3.51323
1600001 3.51842
1601001 3.52374
1602001 3.54199
1603001 3.53843
1604001 3.56783
1605001 3.5542
1606001 3.54117
1607001 3.55328
1608001 3.54078
1609001 3.52959
1610001 3.53096
1611001 3.51278
1612001 3.5219
1613001 3.51931
1614001 3.51438
1615001 3.51374
1616001 3.48797
1617001 3.48378
1618001 3.47437
1619001 3.45425
1620001 3.44907
1621001 3.44592
1622001 3.43524
1623001 3.42954
1624001 3.42485
1625001 3.4083
1626001 3.39076
1627001 3.38028
1628001 3.36276
1629001 3.35071
1630001 3.34264
1631001 3.34455
1632001 3.3311
1633001 3.32469
1634001 3.32293
1635001 3.30727
1636001 3.30701
1637001 3.30443
1638001 3.31776
1639001 3.3125
1640001 3.32155
1641001 3.31907
1642001 3.3243
1643001 3.34489
1644001 3.34056
1645001 3.31935
1646001 3.33459
1647001 3.34046
1648001 3.31785
1649001 3.32348
1650001 3.33228
1651001 3.32016
1652001 3.32404
1653001 3.31975
1654001 3.30629
1655001 3.30265
1656001 3.29682
1657001 3.28888
1658001 3.27694
1659001 3.27997
1660001 3.27985
1661001 3.26176
1662001 3.25178
1663001 3.22313
1664001 3.19691
1665001 3.16255
1666001 3.13501
1667001 3.10925
1668001 3.08679
1669001 3.06727
1670001 3.05564
1671001 3.03721
1672001 3.03356
1673001 3.02302
1674001 3.01769
1675001 3.02566
1676001 3.01672
1677001 3.02328
1678001 3.03287
1679001 3.04207
1680001 3.04771
1681001 3.06945
1682001 3.07839
1683001 3.09932
1684001 3.12716
1685001 3.14693
1686001 3.14785
1687001 3.16039
1688001 3.15155
1689001 3.15085
1690001 3.1481
1691001 3.15485
1692001 3.14868
1693001 3.14768
1694001 3.14888
1695001 3.14693
1696001 3.1525
1697001 3.16482
1698001 3.1543
1699001 3.15928
1700001 3.17973
1701001 3.17856
1702001 3.18536
1703001 3.19008
1704001 3.17984
1705001 3.18896
1706001 3.18994
1707001 3.17767
1708001 3.15988
1709001 3.1536
1710001 3.15309
1711001 3.14106
1712001 3.12516
1713001 3.12588
1714001 3.12229
1715001 3.11422
1716001 3.1113
1717001 3.12235
1718001 3.10772
1719001 3.11499
1720001 3.1077
1721001 3.10497
1722001 3.10659
1723001 3.10192
1724001 3.10162
1725001 3.10753
1726001 3.09512
1727001 3.08144
1728001 3.08106
1729001 3.06312
1730001 3.06253
1731001 3.05662
1732001 3.04961
1733001 3.03794
1734001 3.04171
1735001 3.0302
1736001 3.01467
1737001 3.02101
1738001 2.99933
1739001 3.01084
1740001 2.99604
1741001 2.98377
1742001 2.9941
1743001 2.9575
1744001 2.95768
1745001 2.93975
1746001 2.90226
1747001 2.90857
1748001 2.90254
1749001 2.88685
1750001 2.89028
1751001 2.8955
1752001 2.8893
1753001 2.89465
1754001 2.90059
1755001 2.91447
1756001 2.91193
1757001 2.91489
1758001 2.92039
1759001 2.92408
1760001 2.93693
1761001 2.93779
1762001 2.93683
1763001 2.92367
1764001 2.91452
1765001 2.89207
1766001 2.88601
1767001 2.87388
1768001 2.86808
1769001 2.86555
1770001 2.85435
1771001 2.84796
1772001 2.84116
1773001 2.84004
1774001 2.83257
1775001 2.83039
1776001 2.83045
1777001 2.83928
1778001 2.84536
1779001 2.8589
1780001 2.85865
1781001 2.85466
1782001 2.86886
1783001 2.86888
1784001 2.88383
1785001 2.88031
1786001 2.88722
1787001 2.88204
1788001 2.88855
1789001 2.89251
1790001 2.87691
1791001 2.8857
1792001 2.87294
1793001 2.87235
1794001 2.85867
1795001 2.84663
1796001 2.84637
1797001 2.83699
1798001 2.84529
1799001 2.84281
1800001 2.83408
1801001 2.83475
1802001 2.83287
1803001 2.82314
1804001 2.8149
1805001 2.81335
1806001 2.79521
1807001 2.7923
1808001 2.7812
1809001 2.76962
1810001 2.77563
1811001 2.76843
1812001 2.76244
1813001 2.74424
1814001 2.74301
1815001 2.75095
1816001 2.76174
1817001 2.75174
1818001 2.78247
1819001 2.78374
1820001 2.78137
1821001 2.77796
1822001 2.7929
1823001 2.80159
1824001 2.79178
1825001 2.7948
1826001 2.8011
1827001 2.81198
1828001 2.78196
1829001 2.78522
1830001 2.78625
1831001 2.78369
1832001 2.75592
1833001 2.76524
1834001 2.75192
1835001 2.7453
1836001 2.75445
1837001 2.72972
1838001 2.73729
1839001 2.70518
1840001 2.68298
1841001 2.66218
1842001 2.649
1843001 2.61776
1844001 2.58884
1845001 2.56632
1846001 2.54279
1847001 2.53274
1848001 2.51338
1849001 2.51082
1850001 2.50583
1851001 2.51417
1852001 2.51411
1853001 2.51489
1854001 2.52771
1855001 2.52211
1856001 2.53499
1857001 2.55228
1858001 2.56588
1859001 2.58564
1860001 2.60115
1861001 2.62182
1862001 2.61696
1863001 2.63476
1864001 2.62873
1865001 2.62597
1866001 2.62018
1867001 2.63432
1868001 2.64011
1869001 2.62564
1870001 2.63395
1871001 2.64204
1872001 2.63725
1873001 2.6467
1874001 2.63678
1875001 2.65326
1876001 2.65485
1877001 2.66022
1878001 2.67757
1879001 2.66425
1880001 2.68806
1881001 2.67351
1882001 2.68246
1883001 2.6701
1884001 2.67414
1885001 2.6709
1886001 2.64505
1887001 2.65168
1888001 2.6375
1889001 2.64512
1890001 2.64567
1891001 2.63863
1892001 2.63574
1893001 2.62447
1894001 2.61207
1895001 2.60782
1896001 2.60185
1897001 2.59547
1898001 2.58452
1899001 2.58603
1900001 2.57438
1901001 2.56606
1902001 2.56098
1903001 2.54886
1904001 2.5337
1905001 2.52792
1906001 2.5093
1907001 2.5048
1908001 2.49853
1909001 2.4878
1910001 2.49346
1911001 2.48324
1912001 2.47469
1913001 2.47281
1914001 2.46753
1915001 2.45854
1916001 2.47021
1917001 2.49187
1918001 2.46965
1919001 2.47917
1920001 2.48375
1921001 2.48269
1922001 2.48008
1923001 2.46992
1924001 2.47916
1925001 2.46536
1926001 2.47302
1927001 2.48047
1928001 2.46839
1929001 2.4732
1930001 2.47035
1931001 2.483
1932001 2.45754
1933001 2.47604
1934001 2.46248
1935001 2.46094
1936001 2.4645
1937001 2.46262
1938001 2.45079
1939001 2.43088
1940001 2.42037
1941001 2.39417
1942001 2.37511
1943001 2.35809
1944001 2.32903
1945001 2.30963
1946001 2.29552
1947001 2.29348
1948001 2.274
1949001 2.26983
1950001 2.26366
1951001 2.26341
1952001 2.26942
1953001 2.27387
1954001 2.27507
1955001 2.27467
1956001 2.2792
1957001 2.29268
1958001 2.31677
1959001 2.30864
1960001 2.33476
1961001 2.34383
1962001 2.35124
1963001 2.3605
1964001 2.36818
1965001 2.37355
1966001 2.36871
1967001 2.37336
1968001 2.38475
1969001 2.36461
1970001 2.3787
1971001 2.37152
1972001 2.38056
1973001 2.38094
1974001 2.38954
1975001 2.38864
1976001 2.38953
1977001 2.41651
1978001 2.40179
1979001 2.41786
1980001 2.40858
1981001 2.41919
1982001 2.40054
1983001 2.41695
1984001 2.40288
1985001 2.38866
1986001 2.38151
1987001 2.37446
1988001 2.35116
1989001 2.35088
1990001 2.35233
1991001 2.35326
1992001 2.35153
1993001 2.36103
1994001 2.36532
1995001 2.35995
1996001 2.35157
1997001 2.36223
1998001 2.35743
1999001 2.34538
2000001 2.3554
2001001 2.35294
2002001 2.34307
2003001 2.33936
2004001 2.3317
2005001 2.314
2006001 2.32377
2007001 2.30199
2008001 2.2861
2009001 2.29252
2010001 2.27267
2011001 2.27333
2012001 2.27164
2013001 2.25075
2014001 2.2546
2015001 2.23984
2016001 2.24369
2017001 2.22805
2018001 2.21076
2019001 2.21233
2020001 2.19936
2021001 2.19672
2022001 2.17636
2023001 2.16848
2024001 2.16394
2025001 2.14802
2026001 2.14567
2027001 2.1536
2028001 2.14516
2029001 2.14763
2030001 2.14788
2031001 2.16295
2032001 2.16048
2033001 2.16912
2034001 2.17576
2035001 2.17826
2036001 2.18635
2037001 2.20656
2038001 2.204
2039001 2.19497
2040001 2.19061
2041001 2.17385
2042001 2.17115
2043001 2.16231
2044001 2.14817
2045001 2.14609
2046001 2.14004
2047001 2.14801
2048001 2.16532
2049001 2.13525
2050001 2.12483
2051001 2.13808
2052001 2.13473
2053001 2.13545
2054001 2.14656
2055001 2.13557
2056001 2.13873
2057001 2.15522
2058001 2.14285
2059001 2.15462
2060001 2.16065
2061001 2.16702
2062001 2.15939
2063001 2.16739
2064001 2.16319
2065001 2.17806
2066001 2.1671
2067001 2.16818
2068001 2.17203
2069001 2.1501
2070001 2.1414
2071001 2.14847
2072001 2.14203
2073001 2.14654
2074001 2.13891
2075001 2.14637
2076001 2.14269
2077001 2.14376
2078001 2.14579
2079001 2.14134
2080001 2.14399
2081001 2.14595
2082001 2.13887
2083001 2.13041
2084001 2.12074
2085001 2.11715
2086001 2.11328
2087001 2.10025
2088001 2.0845
2089001 2.08296
2090001 2.07474
2091001 2.08139
2092001 2.07502
2093001 2.07637
2094001 2.08676
2095001 2.09646
2096001 2.10231
2097001 2.10877
2098001 2.10104
2099001 2.10031
2100001 2.10011
2101001 2.09638
2102001 2.12802
2103001 2.10964
2104001 2.10275
2105001 2.11548
2106001 2.10154
2107001 2.10744
2108001 2.08302
2109001 2.08425
2110001 2.07326
2111001 2.07753
2112001 2.06901
2113001 2.0563
2114001 2.05338
2115001 2.04309
2116001 2.03372
2117001 2.00984
2118001 1.98718
2119001 1.97196
2120001 1.962
2121001 1.94859
2122001 1.92813
2123001 1.91354
2124001 1.89838
2125001 1.8987
2126001 1.88636
2127001 1.88824
2128001 1.88611
2129001 1.89304
2130001 1.89281
2131001 1.90475
2132001 1.90308
2133001 1.91284
2134001 1.92477
2135001 1.93697
2136001 1.94526
2137001 1.95853
2138001 1.96791
2139001 1.97533
2140001 1.96464
2141001 1.97609
2142001 1.96761
2143001 1.97482
2144001 1.97226
2145001 1.97463
2146001 1.98519
2147001 1.98261
2148001 1.99241
2149001 2.0043
2150001 1.99105
2151001 1.98449
2152001 1.99588
2153001 2.00555
2154001 2.00125
2155001 2.0192
2156001 2.03249
2157001 2.00467
2158001 2.00184
2159001 2.01457
2160001 2.01574
2161001 2.00278
2162001 2.01533
2163001 2.01182
2164001 2.00898
2165001 2.00541
2166001 1.99916
2167001 1.99586
2168001 1.99616
2169001 1.98807
2170001 1.98172
2171001 1.98166
2172001 1.96869
2173001 1.95524
2174001 1.95635
2175001 1.95636
2176001 1.95724
2177001 1.95284
2178001 1.95354
2179001 1.94903
2180001 1.93042
2181001 1.93414
2182001 1.92086
2183001 1.92354
2184001 1.91398
2185001 1.90392
2186001 1.89693
2187001 1.89425
2188001 1.89706
2189001 1.88083
2190001 1.87093
2191001 1.86169
2192001 1.86671
2193001 1.85393
2194001 1.85158
2195001 1.87518
2196001 1.85645
2197001 1.86235
2198001 1.85071
2199001 1.86367
2200001 1.85226
2201001 1.85928
2202001 1.85315
2203001 1.85701
2204001 1.8579
2205001 1.8571
2206001 1.85192
2207001 1.85084
2208001 1.84732
2209001 1.8652
2210001 1.84416
2211001 1.8628
2212001 1.85907
2213001 1.84303
2214001 1.84045
2215001 1.84035
2216001 1.83561
2217001 1.82224
2218001 1.8034
2219001 1.79437
2220001 1.77061
2221001 1.761
2222001 1.7459
2223001 1.74011
2224001 1.74837
2225001 1.72795
2226001 1.72777
2227001 1.72745
2228001 1.73165
2229001 1.7243
2230001 1.72808
2231001 1.7408
2232001 1.74561
2233001 1.74333
2234001 1.755
2235001 1.76531
2236001 1.75343
2237001 1.76643
2238001 1.77745
2239001 1.77164
2240001 1.79156
2241001 1.78238
2242001 1.78851
2243001 1.79917
2244001 1.79001
2245001 1.80197
2246001 1.80482
2247001 1.79528
2248001 1.80404
2249001 1.81586
2250001 1.82864
2251001 1.816
2252001 1.81003
2253001 1.81806
2254001 1.82219
2255001 1.83173
2256001 1.81865
2257001 1.8262
2258001 1.83538
2259001 1.82502
2260001 1.82231
2261001 1.81706
2262001 1.82687
2263001 1.81634
2264001 1.82289
2265001 1.81099
2266001 1.80915
2267001 1.80884
2268001 1.81482
2269001 1.80518
2270001 1.81253
2271001 1.80558
2272001 1.79541
2273001 1.81386
2274001 1.79952
2275001 1.79906
2276001 1.79472
2277001 1.80402
2278001 1.80297
2279001 1.78602
2280001 1.78614
2281001 1.77449
2282001 1.79216
2283001 1.77109
2284001 1.77991
2285001 1.76692
2286001 1.76293
2287001 1.76591
2288001 1.75053
2289001 1.73458
2290001 1.74536
2291001 1.7379
2292001 1.71507
2293001 1.70075
2294001 1.69228
2295001 1.6873
2296001 1.68367
2297001 1.66898
2298001 1.65959
2299001 1.64814
2300001 1.6448
2301001 1.63622
2302001 1.64107
2303001 1.63817
2304001 1.6381
2305001 1.63562
2306001 1.63003
2307001 1.62735
2308001 1.64057
2309001 1.63486
2310001 1.64564
2311001 1.65162
2312001 1.65761
2313001 1.66279
2314001 1.66589
2315001 1.66923
2316001 1.66447
2317001 1.66107
2318001 1.65294
2319001 1.64823
2320001 1.65607
2321001 1.64382
2322001 1.64974
2323001 1.63899
2324001 1.64117
2325001 1.63866
2326001 1.64158
2327001 1.63943
2328001 1.64544
2329001 1.63696
2330001 1.64537
2331001 1.65073
2332001 1.65956
2333001 1.65958
2334001 1.63779
2335001 1.64901
2336001 1.64386
2337001 1.65287
2338001 1.65986
2339001 1.64
2340001 1.65581
2341001 1.65353
2342001 1.65678
2343001 1.64873
2344001 1.6547
2345001 1.65185
2346001 1.65288
2347001 1.64996
2348001 1.64332
2349001 1.64462
2350001 1.65849
2351001 1.64833
2352001 1.65027
2353001 1.65462
2354001 1.65227
2355001 1.65486
2356001 1.65103
2357001 1.64911
2358001 1.65066
2359001 1.65032
2360001 1.64906
2361001 1.64283
2362001 1.63488
2363001 1.63334
2364001 1.63714
2365001 1.63971
2366001 1.63106
2367001 1.63184
2368001 1.62858
2369001 1.63012
2370001 1.62534
2371001 1.63527
2372001 1.63691
2373001 1.627
2374001 1.63675
2375001 1.62301
2376001 1.64415
2377001 1.62136
2378001 1.6334
2379001 1.63647
2380001 1.62119
2381001 1.62575
2382001 1.62773
2383001 1.62546
2384001 1.61456
2385001 1.62487
2386001 1.62333
2387001 1.63196
2388001 1.61856
2389001 1.61268
2390001 1.60636
2391001 1.61978
2392001 1.59692
2393001 1.58724
2394001 1.57631
2395001 1.55752
2396001 1.54429
2397001 1.53737
2398001 1.51963
2399001 1.51554
2400001 1.50001
2401001 1.49659
2402001 1.49
2403001 1.48834
2404001 1.49689
2405001 1.49071
2406001 1.48408
2407001 1.48843
2408001 1.49114
2409001 1.5014
2410001 1.50687
2411001 1.5092
2412001 1.52439
2413001 1.52879
2414001 1.52584
2415001 1.5408
2416001 1.53754
2417001 1.54676
2418001 1.55478
2419001 1.54295
2420001 1.54466
2421001 1.55461
2422001 1.54703
2423001 1.54849
2424001 1.54372
2425001 1.57067
2426001 1.56341
2427001 1.57102
2428001 1.58093
2429001 1.57629
2430001 1.57274
2431001 1.56709
2432001 1.57388
2433001 1.58214
2434001 1.57481
2435001 1.57229
2436001 1.57154
2437001 1.55898
2438001 1.55997
2439001 1.55572
2440001 1.55385
2441001 1.54946
2442001 1.54685
2443001 1.54917
2444001 1.54388
2445001 1.55411
2446001 1.55463
2447001 1.55782
2448001 1.56032
2449001 1.56537
2450001 1.5464
2451001 1.53661
2452001 1.54295
2453001 1.54884
2454001 1.54061
2455001 1.54582
2456001 1.54462
2457001 1.54125
2458001 1.53246
2459001 1.53058
2460001 1.52788
2461001 1.52659
2462001 1.52411
2463001 1.51313
2464001 1.50924
2465001 1.50932
2466001 1.50386
2467001 1.51052
2468001 1.49835
2469001 1.49193
2470001 1.4942
2471001 1.48657
2472001 1.48872
2473001 1.48927
2474001 1.47176
2475001 1.47599
2476001 1.46597
2477001 1.47761
2478001 1.46605
2479001 1.47065
2480001 1.47494
2481001 1.47248
2482001 1.46678
2483001 1.47098
2484001 1.46973
2485001 1.4826
2486001 1.47872
2487001 1.47344
2488001 1.47723
2489001 1.48658
2490001 1.49596
2491001 1.49269
2492001 1.49153
2493001 1.48486
2494001 1.46832
2495001 1.46012
2496001 1.45773
2497001 1.4456
2498001 1.4388
2499001 1.43359
2500001 1.43192
2501001 1.42636
2502001 1.42093
2503001 1.4285
2504001 1.42276
2505001 1.42389
2506001 1.42707
2507001 1.43373
2508001 1.42525
2509001 1.43845
2510001 1.43585
2511001 1.43408
2512001 1.4437
2513001 1.45645
2514001 1.44321
2515001 1.46098
2516001 1.45305
2517001 1.44209
2518001 1.45343
2519001 1.4654
2520001 1.468
2521001 1.46199
2522001 1.46444
2523001 1.46128
2524001 1.45769
2525001 1.46592
2526001 1.47919
2527001 1.46978
2528001 1.47725
2529001 1.47517
2530001 1.47976
2531001 1.48316
2532001 1.48017
2533001 1.48813
2534001 1.48054
2535001 1.47723
2536001 1.47601
2537001 1.48763
2538001 1.46789
2539001 1.47336
2540001 1.46997
2541001 1.46587
2542001 1.46807
2543001 1.46557
2544001 1.45592
2545001 1.4541
2546001 1.46238
2547001 1.4742
2548001 1.47645
2549001 1.47714
2550001 1.47224
2551001 1.46099
2552001 1.46737
2553001 1.46596
2554001 1.47584
2555001 1.45855
2556001 1.47278
2557001 1.46809
2558001 1.465
2559001 1.44854
2560001 1.46139
2561001 1.4513
2562001 1.44122
2563001 1.43825
2564001 1.43028
2565001 1.42788
2566001 1.42562
2567001 1.42879
2568001 1.41949
2569001 1.42218
2570001 1.41016
2571001 1.40667
2572001 1.39057
2573001 1.38177
2574001 1.37217
2575001 1.37817
2576001 1.37158
2577001 1.36307
2578001 1.35644
2579001 1.35284
2580001 1.35518
2581001 1.35611
2582001 1.35812
2583001 1.35432
2584001 1.36506
2585001 1.35957
2586001 1.36453
2587001 1.37051
2588001 1.37601
2589001 1.38139
2590001 1.39818
2591001 1.40308
2592001 1.40614
2593001 1.40425
2594001 1.41321
2595001 1.39495
2596001 1.3993
2597001 1.39316
2598001 1.38943
2599001 1.39254
2600001 1.3948
2601001 1.41429
2602001 1.3951
2603001 1.40967
2604001 1.39521
2605001 1.39586
2606001 1.3955
2607001 1.40418
2608001 1.3983
2609001 1.40045
2610001 1.3987
2611001 1.41156
2612001 1.39868
2613001 1.3959
2614001 1.39416
2615001 1.39052
2616001 1.38461
2617001 1.39192
2618001 1.38449
2619001 1.39017
2620001 1.39141
2621001 1.39592
2622001 1.39543
2623001 1.39181
2624001 1.40873
2625001 1.4025
2626001 1.39653
2627001 1.4014
2628001 1.40235
2629001 1.40515
2630001 1.40621
2631001 1.41087
2632001 1.4077
2633001 1.40147
2634001 1.41011
2635001 1.40434
2636001 1.40033
2637001 1.40028
2638001 1.40217
2639001 1.40011
2640001 1.39774
2641001 1.38986
2642001 1.3825
2643001 1.38172
2644001 1.37399
2645001 1.38451
2646001 1.3712
2647001 1.37766
2648001 1.37593
2649001 1.37412
2650001 1.38504
2651001 1.38357
2652001 1.36624
2653001 1.37492
2654001 1.37903
2655001 1.36829
2656001 1.37448
2657001 1.3847
2658001 1.37458
2659001 1.37965
2660001 1.37647
2661001 1.37088
2662001 1.37235
2663001 1.3733
2664001 1.37494
2665001 1.36668
2666001 1.37488
2667001 1.37784
2668001 1.36838
2669001 1.37152
2670001 1.36201
2671001 1.35204
2672001 1.34024
2673001 1.33309
2674001 1.32723
2675001 1.32245
2676001 1.31375
2677001 1.3107
2678001 1.30385
2679001 1.30357
2680001 1.30196
2681001 1.3009
2682001 1.3108
2683001 1.29788
2684001 1.30414
2685001 1.30952
2686001 1.31338
2687001 1.31402
2688001 1.31951
2689001 1.32221
2690001 1.32839
2691001 1.33613
2692001 1.34335
2693001 1.33851
2694001 1.34372
2695001 1.34536
2696001 1.34135
2697001 1.34439
2698001 1.35624
2699001 1.35403
2700001 1.35553
2701001 1.35572
2702001 1.36249
2703001 1.36009
2704001 1.3698
2705001 1.35813
2706001 1.37263
2707001 1.37452
2708001 1.3675
2709001 1.36994
2710001 1.36684
2711001 1.35889
2712001 1.36051
2713001 1.36207
2714001 1.35453
2715001 1.34499
2716001 1.34079
2717001 1.34894
2718001 1.34398
2719001 1.34384
2720001 1.34336
2721001 1.34812
2722001 1.34409
2723001 1.34529
2724001 1.36398
2725001 1.35208
2726001 1.3611
2727001 1.3596
2728001 1.35358
2729001 1.35807
2730001 1.35689
2731001 1.35793
2732001 1.36202
2733001 1.35949
2734001 1.35135
2735001 1.35096
2736001 1.35258
2737001 1.34507
2738001 1.3475
2739001 1.33847
2740001 1.33476
2741001 1.34104
2742001 1.33965
2743001 1.31901
2744001 1.32609
2745001 1.31225
2746001 1.31053
2747001 1.3103
2748001 1.29563
2749001 1.31342
2750001 1.29564
2751001 1.30237
2752001 1.29176
2753001 1.27722
2754001 1.28288
2755001 1.28096
2756001 1.27581
2757001 1.28773
2758001 1.30071
2759001 1.28384
2760001 1.29091
2761001 1.29219
2762001 1.29879
2763001 1.29311
2764001 1.29549
2765001 1.29936
2766001 1.29703
2767001 1.31143
2768001 1.30783
2769001 1.313
2770001 1.30721
2771001 1.30575
2772001 1.29565
2773001 1.28761
2774001 1.28566
2775001 1.29187
2776001 1.28741
2777001 1.27921
2778001 1.2797
2779001 1.27922
2780001 1.27516
2781001 1.27285
2782001 1.27593
2783001 1.27747
2784001 1.27889
2785001 1.28069
2786001 1.29891
2787001 1.29152
2788001 1.27917
2789001 1.28225
2790001 1.28458
2791001 1.29479
2792001 1.28541
2793001 1.28852
2794001 1.28259
2795001 1.28758
2796001 1.29179
2797001 1.28734
2798001 1.2962
2799001 1.29522
2800001 1.30492
2801001 1.30265
2802001 1.30453
2803001 1.30946
2804001 1.30661
2805001 1.31387
2806001 1.31806
2807001 1.31954
2808001 1.31813
2809001 1.31708
2810001 1.31187
2811001 1.3091
2812001 1.31332
2813001 1.29912
2814001 1.29852
2815001 1.30031
2816001 1.28824
2817001 1.29336
2818001 1.29265
2819001 1.29683
2820001 1.282
2821001 1.2865
2822001 1.29456
2823001 1.30487
2824001 1.29316
2825001 1.31237
2826001 1.31414
2827001 1.3049
2828001 1.31052
2829001 1.30378
2830001 1.31514
2831001 1.29934
2832001 1.30429
2833001 1.30317
2834001 1.31218
2835001 1.29506
2836001 1.30106
2837001 1.29044
2838001 1.29808
2839001 1.2876
2840001 1.28911
2841001 1.28497
2842001 1.28336
2843001 1.28933
2844001 1.2779
2845001 1.28631
2846001 1.26355
2847001 1.25277
2848001 1.24759
2849001 1.24799
2850001 1.24225
2851001 1.22816
2852001 1.22979
2853001 1.22387
2854001 1.22527
2855001 1.21109
2856001 1.21229
2857001 1.20835
2858001 1.2233
2859001 1.22308
2860001 1.22672
2861001 1.23558
2862001 1.22075
2863001 1.22561
2864001 1.23118
2865001 1.23019
2866001 1.24131
2867001 1.24203
2868001 1.25159
2869001 1.2517
2870001 1.25743
2871001 1.2523
2872001 1.24951
2873001 1.24452
2874001 1.25051
2875001 1.25136
2876001 1.24216
2877001 1.24266
2878001 1.25012
2879001 1.25029
2880001 1.24986
2881001 1.2479
2882001 1.25461
2883001 1.25323
2884001 1.25597
2885001 1.26385
2886001 1.25396
2887001 1.26538
2888001 1.25011
2889001 1.25596
2890001 1.24692
2891001 1.24325
2892001 1.2442
2893001 1.23076
2894001 1.23248
2895001 1.22633
2896001 1.22751
2897001 1.23488
2898001 1.23251
2899001 1.24164
2900001 1.24063
2901001 1.24277
2902001 1.24564
2903001 1.25016
2904001 1.24924
2905001 1.25083
2906001 1.25549
2907001 1.2529
2908001 1.25426
2909001 1.26287
2910001 1.25765
2911001 1.25159
2912001 1.2545
2913001 1.24754
2914001 1.24366
2915001 1.24356
2916001 1.25086
2917001 1.24263
2918001 1.22912
2919001 1.22896
2920001 1.22615
2921001 1.22765
2922001 1.22119
2923001 1.22937
2924001 1.25024
2925001 1.22477
2926001 1.23345
2927001 1.23919
2928001 1.23537
2929001 1.2315
2930001 1.22593
2931001 1.234
2932001 1.22092
2933001 1.22979
2934001 1.23589
2935001 1.23486
2936001 1.23184
2937001 1.23118
2938001 1.23575
2939001 1.22287
2940001 1.23342
2941001 1.23496
2942001 1.22808
2943001 1.22865
2944001 1.22945
2945001 1.22362
2946001 1.21134
2947001 1.20985
2948001 1.20049
2949001 1.19518
2950001 1.19818
2951001 1.18339
2952001 1.18227
2953001 1.17737
2954001 1.18207
2955001 1.17332
2956001 1.17211
2957001 1.16893
2958001 1.16658
2959001 1.18041
2960001 1.18635
2961001 1.17906
2962001 1.1799
2963001 1.18192
2964001 1.18625
2965001 1.19351
2966001 1.18609
2967001 1.20071
2968001 1.20096
2969001 1.20236
2970001 1.19961
2971001 1.20544
2972001 1.20305
2973001 1.20366
2974001 1.20353
2975001 1.21273
2976001 1.19858
2977001 1.20961
2978001 1.20572
2979001 1.21021
2980001 1.20881
2981001 1.2132
2982001 1.21529
2983001 1.21272
2984001 1.22518
2985001 1.21358
2986001 1.21696
2987001 1.21222
2988001 1.20798
2989001 1.20222
2990001 1.20214
2991001 1.19585
2992001 1.18902
2993001 1.18084
2994001 1.1781
2995001 1.17171
2996001 1.1712
2997001 1.17605
2998001 1.17309
2999001 1.17497
3000001 1.18288
3001001 1.19482
3002001 1.18884
3003001 1.18823
3004001 1.19938
3005001 1.19671
3006001 1.19122
3007001 1.20135
3008001 1.2086
3009001 1.20373
3010001 1.19997
3011001 1.2015
3012001 1.19241
3013001 1.19631
3014001 1.18882
3015001 1.18551
3016001 1.18616
3017001 1.17923
3018001 1.17884
3019001 1.17747
3020001 1.1704
3021001 1.17342
3022001 1.16656
3023001 1.1642
3024001 1.1574
3025001 1.15067
3026001 1.1637
3027001 1.16251
3028001 1.15535
3029001 1.14978
3030001 1.14827
3031001 1.15056
3032001 1.14613
3033001 1.14578
3034001 1.15614
3035001 1.14911
3036001 1.14713
3037001 1.14798
3038001 1.16357
3039001 1.15208
3040001 1.15233
3041001 1.1514
3042001 1.15119
3043001 1.15428
3044001 1.16629
3045001 1.16104
3046001 1.16164
3047001 1.15589
3048001 1.1465
3049001 1.15457
3050001 1.14712
3051001 1.14177
3052001 1.14051
3053001 1.13596
3054001 1.14282
3055001 1.15751
3056001 1.13455
3057001 1.13224
3058001 1.146
3059001 1.1414
3060001 1.14934
3061001 1.14911
3062001 1.14722
3063001 1.14564
3064001 1.16205
3065001 1.14469
3066001 1.15133
3067001 1.15612
3068001 1.1533
3069001 1.15272
3070001 1.15422
3071001 1.15081
3072001 1.15429
3073001 1.15187
3074001 1.1575
3075001 1.15796
3076001 1.14946
3077001 1.14811
3078001 1.15569
3079001 1.15347
3080001 1.15879
3081001 1.15565
3082001 1.16121
3083001 1.15925
3084001 1.15878
3085001 1.16199
3086001 1.15527
3087001 1.16165
3088001 1.16771
3089001 1.15672
3090001 1.15221
3091001 1.14102
3092001 1.13633
3093001 1.13664
3094001 1.12922
3095001 1.1181
3096001 1.12435
3097001 1.11819
3098001 1.12583
3099001 1.12221
3100001 1.12448
3101001 1.13137
3102001 1.13391
3103001 1.13796
3104001 1.14051
3105001 1.13272
3106001 1.13257
3107001 1.13166
3108001 1.13433
3109001 1.15776
3110001 1.1424
3111001 1.13763
3112001 1.14406
3113001 1.13915
3114001 1.14694
3115001 1.13022
3116001 1.12862
3117001 1.12837
3118001 1.13204
3119001 1.12782
3120001 1.12582
3121001 1.12433
3122001 1.11909
3123001 1.11642
3124001 1.10778
3125001 1.09518
3126001 1.09848
3127001 1.10209
3128001 1.10129
3129001 1.0953
3130001 1.09535
3131001 1.08632
3132001 1.09318
3133001 1.08372
3134001 1.0868
3135001 1.08841
3136001 1.09579
3137001 1.0871
3138001 1.09253
3139001 1.08819
3140001 1.09133
3141001 1.09464
3142001 1.09622
3143001 1.09364
3144001 1.09682
3145001 1.09884
3146001 1.10348
3147001 1.09667
3148001 1.10148
3149001 1.09422
3150001 1.10079
3151001 1.0956
3152001 1.09876
3153001 1.10431
3154001 1.10726
3155001 1.1037
3156001 1.10871
3157001 1.10302
3158001 1.09775
3159001 1.1006
3160001 1.11602
3161001 1.11353
3162001 1.12256
3163001 1.13477
3164001 1.10567
3165001 1.10542
3166001 1.11326
3167001 1.11233
3168001 1.10405
3169001 1.10746
3170001 1.1128
3171001 1.1042
3172001 1.10414
3173001 1.106
3174001 1.09787
3175001 1.10044
3176001 1.09964
3177001 1.10082
3178001 1.11084
3179001 1.09667
3180001 1.09722
3181001 1.10168
3182001 1.10655
3183001 1.10532
3184001 1.10822
3185001 1.11112
3186001 1.1103
3187001 1.10481
3188001 1.1078
3189001 1.10366
3190001 1.10553
3191001 1.09561
3192001 1.08977
3193001 1.08883
3194001 1.09061
3195001 1.08897
3196001 1.07877
3197001 1.07369
3198001 1.07018
3199001 1.07096
3200001 1.06813
3201001 1.07248
3202001 1.08097
3203001 1.0738
3204001 1.07792
3205001 1.07047
3206001 1.07812
3207001 1.07167
3208001 1.0782
3209001 1.06969
3210001 1.07565
3211001 1.08216
3212001 1.07731
3213001 1.07248
3214001 1.07665
3215001 1.07878
3216001 1.08596
3217001 1.07335
3218001 1.09582
3219001 1.08099
3220001 1.07145
3221001 1.06957
3222001 1.06916
3223001 1.0679
3224001 1.07205
3225001 1.05888
3226001 1.07019
3227001 1.05028
3228001 1.04923
3229001 1.04639
3230001 1.04715
3231001 1.06401
3232001 1.0438
3233001 1.0472
3234001 1.04392
3235001 1.04923
3236001 1.04647
3237001 1.053
3238001 1.05939
3239001 1.05746
3240001 1.05583
3241001 1.05237
3242001 1.06923
3243001 1.05093
3244001 1.05497
3245001 1.05883
3246001 1.05487
3247001 1.06276
3248001 1.05199
3249001 1.05445
3250001 1.05765
3251001 1.05598
3252001 1.06394
3253001 1.06728
3254001 1.06247
3255001 1.0582
3256001 1.07279
3257001 1.08123
3258001 1.06604
3259001 1.06773
3260001 1.06534
3261001 1.07511
3262001 1.07597
3263001 1.06834
3264001 1.07286
3265001 1.07138
3266001 1.06494
3267001 1.05996
3268001 1.05676
3269001 1.06287
3270001 1.05967
3271001 1.06316
3272001 1.05352
3273001 1.05461
3274001 1.05722
3275001 1.05742
3276001 1.05491
3277001 1.05837
3278001 1.05281
3279001 1.05265
3280001 1.06279
3281001 1.06006
3282001 1.05691
3283001 1.05986
3284001 1.06767
3285001 1.06698
3286001 1.06631
3287001 1.067
3288001 1.06101
3289001 1.07282
3290001 1.06372
3291001 1.07141
3292001 1.05728
3293001 1.05739
3294001 1.05925
3295001 1.05174
3296001 1.04771
3297001 1.04594
3298001 1.04741
3299001 1.04786
3300001 1.02736
3301001 1.0293
3302001 1.03437
3303001 1.02674
3304001 1.02977
3305001 1.027
3306001 1.03138
3307001 1.0248
3308001 1.01868
3309001 1.02503
3310001 1.02762
3311001 1.03243
3312001 1.02999
3313001 1.02383
3314001 1.02269
3315001 1.03222
3316001 1.02379
3317001 1.0339
3318001 1.03461
3319001 1.02677
3320001 1.02977
3321001 1.02717
3322001 1.02852
3323001 1.02736
3324001 1.02615
3325001 1.02309
3326001 1.02416
3327001 1.02641
3328001 1.02034
3329001 1.03482
3330001 1.02146
3331001 1.02109
3332001 1.02024
3333001 1.02471
3334001 1.0244
3335001 1.02839
3336001 1.0289
3337001 1.03224
3338001 1.03074
3339001 1.04543
3340001 1.03919
3341001 1.02761
3342001 1.03088
3343001 1.02734
3344001 1.02882
3345001 1.03551
3346001 1.02458
3347001 1.03006
3348001 1.02558
3349001 1.02641
3350001 1.02195
3351001 1.02501
3352001 1.02384
3353001 1.02524
3354001 1.02564
3355001 1.02428
3356001 1.02832
3357001 1.03598
3358001 1.02984
3359001 1.03059
3360001 1.03149
3361001 1.03264
3362001 1.0426
3363001 1.03556
3364001 1.03812
3365001 1.03422
3366001 1.04074
3367001 1.03264
3368001 1.03338
3369001 1.02095
3370001 1.02121
3371001 1.026
3372001 1.03359
3373001 1.02347
3374001 1.02365
3375001 1.02165
3376001 1.02337
3377001 1.01945
3378001 1.02177
3379001 1.02304
3380001 1.02058
3381001 1.02599
3382001 1.0179
3383001 1.02817
3384001 1.02014
3385001 1.02844
3386001 1.02703
3387001 1.02435
3388001 1.02592
3389001 1.02696
3390001 1.03255
3391001 1.02068
3392001 1.02146
3393001 1.0226
3394001 1.02813
3395001 1.02476
3396001 1.01899
3397001 1.01686
3398001 1.02922
3399001 1.0134
3400001 1.01221
3401001 1.00766
3402001 0.99926
3403001 1.00001
3404001 1.00332
3405001 0.99595
3406001 1.00059
3407001 0.99334
3408001 0.994801
3409001 0.993196
3410001 0.993827
3411001 1.00847
3412001 1.00276
3413001 0.994605
3414001 1.00051
3415001 0.997397
3416001 1.0039
3417001 1.00194
3418001 0.999765
3419001 1.0052
3420001 1.00205
3421001 0.996905
3422001 1.00713
3423001 0.998961
3424001 1.00774
3425001 1.01289
3426001 1.00197
3427001 0.999541
3428001 1.01041
3429001 1.01149
3430001 1.0061
3431001 1.00127
3432001 1.018
3433001 1.01075
3434001 1.0231
3435001 1.02067
3436001 1.02268
3437001 1.01835
3438001 1.01548
3439001 1.01735
3440001 1.02131
3441001 1.02334
3442001 1.01577
3443001 1.01701
3444001 1.00678
3445001 1.00443
3446001 1.00339
3447001 1.00082
3448001 0.99526
3449001 1.00359
3450001 0.997856
3451001 0.992388
3452001 1.00448
3453001 1.00146
3454001 1.00777
3455001 1.01051
3456001 1.01563
3457001 1.01009
3458001 1.00263
3459001 1.00386
3460001 1.00646
3461001 1.00806
3462001 1.01864
3463001 1.0212
3464001 1.01117
3465001 1.01409
3466001 1.01433
3467001 1.01448
3468001 1.0094
3469001 1.01178
3470001 1.00681
3471001 0.999697
3472001 1.00557
3473001 1.00037
3474001 1.00761
3475001 1.00077
3476001 0.994935
3477001 0.996029
3478001 0.995861
3479001 0.998711
3480001 1.00717
3481001 0.986264
3482001 0.991726
3483001 0.988922
3484001 0.995307
3485001 0.987271
3486001 0.993914
3487001 0.997185
3488001 0.995887
3489001 0.990897
3490001 0.991856
3491001 0.994468
3492001 1.00392
3493001 0.997644
3494001 0.991098
3495001 0.993759
3496001 1.0002
3497001 1.00212
3498001 0.998527
3499001 0.995949
3500001 0.994535
3501001 0.986418
3502001 0.983774
3503001 0.99022
3504001 0.984748
3505001 0.984713
3506001 0.984608
3507001 0.984079
3508001 0.983577
3509001 0.978706
3510001 0.986139
3511001 0.982226
3512001 0.990619
3513001 0.995128
3514001 0.995791
3515001 0.986952
3516001 0.990823
3517001 0.994082
3518001 0.987433
3519001 0.988457
3520001 1.00806
3521001 0.991337
3522001 0.994121
3523001 0.989104
3524001 0.98633
3525001 0.985218
3526001 0.99275
3527001 0.991956
3528001 0.995864
3529001 0.989633
3530001 0.997739
3531001 0.99248
3532001 0.993394
3533001 1.01072
3534001 0.994366
3535001 1.00105
3536001 0.994967
3537001 1.00157
3538001 1.00048
3539001 1.00681
3540001 1.0054
3541001 1.00437
3542001 0.99945
3543001 0.996124
3544001 1.00333
3545001 0.991566
3546001 0.991181
3547001 0.988322
3548001 0.989888
3549001 0.989422
3550001 0.988718
3551001 0.977231
3552001 0.977638
3553001 0.984402
3554001 0.988031
3555001 0.991215
3556001 0.990164
3557001 0.98509
3558001 0.983063
3559001 0.996857
3560001 0.985224
3561001 0.994052
3562001 0.983677
3563001 1.00452
3564001 1.00181
3565001 1.00093
3566001 0.996479
3567001 0.994214
3568001 0.994826
3569001 0.99295
3570001 0.986195
3571001 0.984405
3572001 0.985257
3573001 0.983418
3574001 0.991424
3575001 0.986663
3576001 0.984488
3577001 0.982386
3578001 0.979475
3579001 0.979113
3580001 0.978016
3581001 0.971152
3582001 0.973735
3583001 0.97515
3584001 0.970889
3585001 0.970434
3586001 0.968122
3587001 0.971399
3588001 0.976638
3589001 0.978912
3590001 0.976957
3591001 0.983598
3592001 0.975505
3593001 0.973146
3594001 0.980036
3595001 0.979107
3596001 0.97488
3597001 0.98304
3598001 0.983797
3599001 0.98392
3600001 0.979883
3601001 0.991154
3602001 0.976634
3603001 0.980088
3604001 0.978126
3605001 0.976504
3606001 0.979182
3607001 0.982259
3608001 0.993013
3609001 0.977873
3610001 0.987052
3611001 0.982763
3612001 0.984507
3613001 0.982509
3614001 0.994235
3615001 0.983675
3616001 0.985594
3617001 0.988163
3618001 0.993552
3619001 0.990017
3620001 0.990194
3621001 0.980636
3622001 0.981991
3623001 0.975511
3624001 0.976717
3625001 0.976991
3626001 0.977864
3627001 0.977997
3628001 0.982158
3629001 0.984653
3630001 0.979816
3631001 0.981229
3632001 0.991538
3633001 0.983066
3634001 0.988037
3635001 0.988281
3636001 0.990537
3637001 0.988979
3638001 0.995963
3639001 0.993987
3640001 0.993026
3641001 0.998486
3642001 0.993862
3643001 0.991655
3644001 0.989055
3645001 0.986004
3646001 0.983233
3647001 0.982631
3648001 0.97994
3649001 0.977661
3650001 0.975862
3651001 0.969623
3652001 0.976165
3653001 0.968108
3654001 0.969349
3655001 0.975024
3656001 0.967135
3657001 0.974184
3658001 0.975048
3659001 0.972188
3660001 0.97018
3661001 0.974559
3662001 0.965385
3663001 0.972749
3664001 0.98523
3665001 0.977714
3666001 0.980182
3667001 0.978494
3668001 0.981472
3669001 0.978419
3670001 0.976132
3671001 0.975987
3672001 0.973516
3673001 0.979837
3674001 0.981159
3675001 0.975433
3676001 0.978064
3677001 0.979056
3678001 0.974638
3679001 0.970631
3680001 0.971219
3681001 0.968704
3682001 0.969584
3683001 0.967843
3684001 0.966286
3685001 0.965709
3686001 0.965695
3687001 0.97071
3688001 0.970746
3689001 0.983081
3690001 0.967172
3691001 0.969764
3692001 0.971793
3693001 0.969158
3694001 0.972396
3695001 0.969583
3696001 0.967182
3697001 0.970253
3698001 0.969597
3699001 0.972814
3700001 0.973281
3701001 0.967309
3702001 0.969058
3703001 0.965769
3704001 0.967253
3705001 0.972113
3706001 0.980753
3707001 0.973259
3708001 0.976802
3709001 0.979353
3710001 0.980886
3711001 0.979978
3712001 0.975803
3713001 0.992604
3714001 0.990303
3715001 0.985379
3716001 0.989141
3717001 0.985747
3718001 0.985785
3719001 0.980863
3720001 0.984157
3721001 0.978799
3722001 0.975637
3723001 0.970498
3724001 0.979378
3725001 0.969542
3726001 0.969443
3727001 0.966389
3728001 0.973174
3729001 0.964595
3730001 0.968702
3731001 0.98702
3732001 0.987945
3733001 0.983363
3734001 0.981147
3735001 0.978358
3736001 0.984766
3737001 0.984587
3738001 0.987084
3739001 0.989611
3740001 0.985347
3741001 0.982163
3742001 0.983477
3743001 0.994362
3744001 0.979047
3745001 0.978653
3746001 0.976718
3747001 0.971546
3748001 0.975301
3749001 0.97786
3750001 0.96527
3751001 0.969613
3752001 0.963973
3753001 0.961152
3754001 0.97088
3755001 0.957597
3756001 0.965329
3757001 0.95939
3758001 0.967811
3759001 0.958574
3760001 0.958942
3761001 0.956449
3762001 0.954458
3763001 0.957341
3764001 0.968301
3765001 0.976533
3766001 0.963107
3767001 0.968761
3768001 0.964758
3769001 0.97648
3770001 0.965652
3771001 0.968341
3772001 0.971106
3773001 0.964356
3774001 0.979424
3775001 0.970702
3776001 0.974846
3777001 0.970587
3778001 0.970003
3779001 0.968886
3780001 0.962174
3781001 0.964803
3782001 0.972754
3783001 0.970526
3784001 0.961526
3785001 0.962946
3786001 0.961965
3787001 0.962609
3788001 0.96395
3789001 0.964098
3790001 0.967023
3791001 0.965427
3792001 0.967618
3793001 0.981252
3794001 0.974759
3795001 0.963792
3796001 0.960427
3797001 0.960279
3798001 0.96352
3799001 0.95961
3800001 0.955354
3801001 0.956903
3802001 0.958169
3803001 0.959519
3804001 0.953548
3805001 0.960832
3806001 0.962421
3807001 0.969277
3808001 0.96657
3809001 0.969516
3810001 0.967941
3811001 0.967304
3812001 0.970983
3813001 0.974879
3814001 0.984952
3815001 0.980869
3816001 0.975439
3817001 0.974059
3818001 0.972781
3819001 0.975899
3820001 0.968358
3821001 0.966641
3822001 0.969229
3823001 0.964677
3824001 0.961797
3825001 0.961536
3826001 0.960603
3827001 0.953696
3828001 0.959604
3829001 0.960429
3830001 0.955891
3831001 0.960425
3832001 0.976301
3833001 0.981008
3834001 0.969027
3835001 0.985859
3836001 0.968323
3837001 0.979161
3838001 0.965003
3839001 0.973258
3840001 0.971874
3841001 0.984891
3842001 0.968164
3843001 0.976978
3844001 0.966119
3845001 0.96962
3846001 0.973851
3847001 0.965473
3848001 0.964188
3849001 0.962049
3850001 0.963661
3851001 0.959552
3852001 0.96789
3853001 0.956119
3854001 0.950665
3855001 0.952674
3856001 0.957096
3857001 0.950984
3858001 0.950352
3859001 0.949723
3860001 0.952003
3861001 0.956988
3862001 0.94417
3863001 0.94304
3864001 0.942056
3865001 0.960951
3866001 0.959868
3867001 0.962581
3868001 0.974724
3869001 0.951983
3870001 0.958153
3871001 0.960364
3872001 0.961467
3873001 0.95979
3874001 0.95579
3875001 0.958833
3876001 0.962271
3877001 0.964017
3878001 0.958855
3879001 0.958965
3880001 0.954418
3881001 0.960158
3882001 0.960003
3883001 0.954858
3884001 0.951766
3885001 0.959464
3886001 0.959265
3887001 0.960475
3888001 0.956958
3889001 0.962204
3890001 0.963452
3891001 0.964347
3892001 0.970462
3893001 0.964851
3894001 0.969134
3895001 0.958276
3896001 0.965993
3897001 0.959329
3898001 0.954113
3899001 0.960804
3900001 0.950172
3901001 0.949257
3902001 0.945271
3903001 0.944348
3904001 0.947808
3905001 0.942217
3906001 0.955311
3907001 0.956989
3908001 0.952751
3909001 0.956529
3910001 0.959156
3911001 0.958718
3912001 0.956821
3913001 0.964408
3914001 0.961024
3915001 0.961625
3916001 0.973064
3917001 0.966811
3918001 0.962554
3919001 0.96661
3920001 0.974504
3921001 0.963759
3922001 0.963039
3923001 0.973925
3924001 0.95627
3925001 0.946736
3926001 0.949082
3927001 0.948967
3928001 0.947359
3929001 0.946116
3930001 0.949827
3931001 0.966348
3932001 0.942674
3933001 0.946213
3934001 0.95343
3935001 0.95179
3936001 0.951513
3937001 0.950123
3938001 0.95459
3939001 0.949541
3940001 0.958853
3941001 0.96064
3942001 0.960734
3943001 0.959835
3944001 0.959709
3945001 0.965186
3946001 0.955431
3947001 0.956605
3948001 0.957431
3949001 0.952535
3950001 0.952373
3951001 0.949795
3952001 0.955869
3953001 0.94642
3954001 0.941642
3955001 0.947251
3956001 0.942467
3957001 0.950906
3958001 0.937707
3959001 0.945165
3960001 0.939723
3961001 0.943194
3962001 0.943566
3963001 0.93895
3964001 0.9396
3965001 0.934801
3966001 0.950152
3967001 0.950758
3968001 0.944963
3969001 0.947896
3970001 0.948281
3971001 0.94561
3972001 0.948557
3973001 0.946115
3974001 0.950079
3975001 0.951255
3976001 0.95484
3977001 0.94637
3978001 0.954384
3979001 0.952347
3980001 0.950138
3981001 0.947181
3982001 0.955189
3983001 0.94656
3984001 0.954032
3985001 0.952673
3986001 0.951035
3987001 0.948118
3988001 0.951732
3989001 0.957644
3990001 0.958185
3991001 0.96531
3992001 0.960011
3993001 0.958741
3994001 0.961159
3995001 0.953119
3996001 0.956918
3997001 0.950024
3998001 0.950651
3999001 0.946931
4000001 0.940865
4001001 0.938476
4002001 0.937417
4003001 0.935085
4004001 0.951083
4005001 0.934575
4006001 0.934507
4007001 0.937193
4008001 0.94847
4009001 0.942711
4010001 0.942707
4011001 0.952753
4012001 0.944998
4013001 0.941996
4014001 0.950536
4015001 0.959013
4016001 0.956645
4017001 0.95072
4018001 0.955188
4019001 0.949541
4020001 0.953255
4021001 0.946899
4022001 0.947954
4023001 0.945235
4024001 0.940213
4025001 0.941152
4026001 0.940727
4027001 0.936699
4028001 0.940131
4029001 0.93596
4030001 0.934425
4031001 0.929349
4032001 0.931356
4033001 0.931514
4034001 0.945683
4035001 0.935533
4036001 0.93574
4037001 0.935314
4038001 0.940179
4039001 0.937727
4040001 0.936167
4041001 0.946216
4042001 0.941566
4043001 0.938772
4044001 0.948065
4045001 0.955215
4046001 0.943294
4047001 0.939115
4048001 0.938061
4049001 0.936929
4050001 0.940811
4051001 0.944896
4052001 0.937512
4053001 0.942239
4054001 0.934776
4055001 0.928042
4056001 0.933666
4057001 0.929558
4058001 0.929705
4059001 0.930351
4060001 0.926228
4061001 0.932655
4062001 0.940484
4063001 0.92794
4064001 0.927087
4065001 0.935456
4066001 0.933026
4067001 0.944334
4068001 0.938308
4069001 0.94221
4070001 0.938154
4071001 0.952505
4072001 0.93934
4073001 0.942928
4074001 0.944091
4075001 0.93761
4076001 0.946183
4077001 0.943281
4078001 0.938688
4079001 0.938189
4080001 0.939441
4081001 0.94117
4082001 0.939751
4083001 0.936339
4084001 0.937365
4085001 0.939288
4086001 0.939573
4087001 0.938646
4088001 0.9408
4089001 0.943619
4090001 0.942538
4091001 0.941345
4092001 0.94712
4093001 0.94191
4094001 0.945101
4095001 0.956202
4096001 0.945007
4097001 0.940881
4098001 0.937281
4099001 0.933686
4100001 0.934418
4101001 0.927519
4102001 0.921696
4103001 0.927559
4104001 0.920846
4105001 0.927317
4106001 0.921057
4107001 0.922244
4108001 0.927424
4109001 0.928321
4110001 0.92968
4111001 0.932957
4112001 0.928873
4113001 0.929217
4114001 0.930567
4115001 0.933661
4116001 0.953033
4117001 0.941864
4118001 0.93524
4119001 0.940447
4120001 0.93498
4121001 0.946219
4122001 0.93166
4123001 0.929053
4124001 0.933524
4125001 0.93412
4126001 0.929911
4127001 0.931918
4128001 0.924216
4129001 0.928247
4130001 0.926735
4131001 0.924779
4132001 0.916459
4133001 0.925855
4134001 0.931453
4135001 0.933014
4136001 0.927767
4137001 0.932301
4138001 0.925236
4139001 0.929416
4140001 0.931724
4141001 0.929985
4142001 0.930604
4143001 0.933935
4144001 0.926339
4145001 0.929024
4146001 0.925851
4147001 0.929616
4148001 0.930614
4149001 0.928148
4150001 0.922347
4151001 0.92324
4152001 0.922079
4153001 0.925122
4154001 0.921391
4155001 0.924122
4156001 0.916556
4157001 0.923704
4158001 0.919521
4159001 0.922724
4160001 0.92495
4161001 0.929999
4162001 0.927108
4163001 0.93094
4164001 0.922302
4165001 0.91987
4166001 0.924253
4167001 0.939256
4168001 0.939205
4169001 0.942586
4170001 0.95259
4171001 0.928975
4172001 0.93151
4173001 0.93508
4174001 0.936626
4175001 0.929811
4176001 0.927735
4177001 0.937349
4178001 0.929846
4179001 0.927897
4180001 0.930321
4181001 0.925025
4182001 0.925523
4183001 0.926698
4184001 0.927867
4185001 0.934258
4186001 0.921263
4187001 0.924709
4188001 0.92878
4189001 0.930253
4190001 0.927223
4191001 0.933646
4192001 0.935765
4193001 0.93433
4194001 0.929261
4195001 0.93404
4196001 0.931973
4197001 0.938571
4198001 0.927333
4199001 0.923589
4200001 0.92207
4201001 0.926073
4202001 0.921345
4203001 0.916008
4204001 0.913737
4205001 0.910974
4206001 0.90951
4207001 0.906412
4208001 0.913545
4209001 0.915005
4210001 0.913078
4211001 0.9164
4212001 0.91404
4213001 0.915107
4214001 0.914495
4215001 0.918415
4216001 0.914377
4217001 0.924731
4218001 0.931741
4219001 0.926333
4220001 0.921274
4221001 0.925698
4222001 0.927555
4223001 0.927603
4224001 0.921242
4225001 0.942485
4226001 0.922366
4227001 0.918308
4228001 0.915531
4229001 0.914045
4230001 0.910414
4231001 0.91869
4232001 0.91258
4233001 0.929941
4234001 0.908488
4235001 0.910718
4236001 0.911488
4237001 0.912965
4238001 0.931873
4239001 0.909183
4240001 0.918443
4241001 0.911811
4242001 0.918396
4243001 0.917398
4244001 0.925315
4245001 0.926072
4246001 0.926276
4247001 0.924498
4248001 0.913873
4249001 0.929206
4250001 0.913943
4251001 0.915505
4252001 0.913587
4253001 0.917223
4254001 0.919014
4255001 0.912214
4256001 0.907325
4257001 0.910697
4258001 0.91099
4259001 0.913122
4260001 0.91783
4261001 0.915503
4262001 0.910156
4263001 0.91931
4264001 0.933722
4265001 0.915625
4266001 0.917881
4267001 0.91409
4268001 0.928596
4269001 0.926891
4270001 0.922842
4271001 0.92824
4272001 0.922208
4273001 0.921304
4274001 0.918121
4275001 0.918161
4276001 0.921196
4277001 0.921651
4278001 0.921017
4279001 0.917638
4280001 0.918375
4281001 0.918851
4282001 0.915548
4283001 0.914892
4284001 0.921162
4285001 0.913156
4286001 0.913391
4287001 0.920376
4288001 0.917285
4289001 0.915482
4290001 0.91713
4291001 0.916879
4292001 0.92398
4293001 0.925504
4294001 0.926812
4295001 0.923123
4296001 0.931542
4297001 0.923244
4298001 0.927748
4299001 0.920823
4300001 0.919335
4301001 0.916753
4302001 0.915486
4303001 0.912972
4304001 0.909139
4305001 0.913554
4306001 0.920181
4307001 0.900872
4308001 0.903928
4309001 0.905543
4310001 0.905776
4311001 0.9085
4312001 0.909277
4313001 0.920497
4314001 0.906075
4315001 0.904086
4316001 0.910357
4317001 0.909209
4318001 0.909484
4319001 0.913941
4320001 0.909521
4321001 0.909994
4322001 0.917918
4323001 0.912153
4324001 0.917083
4325001 0.920592
4326001 0.908067
4327001 0.911871
4328001 0.904439
4329001 0.905035
4330001 0.907807
4331001 0.907365
4332001 0.903242
4333001 0.904753
4334001 0.907208
4335001 0.902881
4336001 0.921067
4337001 0.909356
4338001 0.906879
4339001 0.906088
4340001 0.912279
4341001 0.911768
4342001 0.90854
4343001 0.916583
4344001 0.914677
4345001 0.91301
4346001 0.923707
4347001 0.920787
4348001 0.914354
4349001 0.916367
4350001 0.912999
4351001 0.910255
4352001 0.911877
4353001 0.909777
4354001 0.912727
4355001 0.906795
4356001 0.905192
4357001 0.905031
4358001 0.906311
4359001 0.903418
4360001 0.905229
4361001 0.904135
4362001 0.905706
4363001 0.909924
4364001 0.91071
4365001 0.90778
4366001 0.907878
4367001 0.908499
4368001 0.910416
4369001 0.923947
4370001 0.917036
4371001 0.921134
4372001 0.915854
4373001 0.918494
4374001 0.916459
4375001 0.920161
4376001 0.911383
4377001 0.911581
4378001 0.915937
4379001 0.916973
4380001 0.910733
4381001 0.913575
4382001 0.908204
4383001 0.913778
4384001 0.906966
4385001 0.909061
4386001 0.908334
4387001 0.910114
4388001 0.920066
4389001 0.909722
4390001 0.913262
4391001 0.911338
4392001 0.918958
4393001 0.915396
4394001 0.91852
4395001 0.915605
4396001 0.916799
4397001 0.923929
4398001 0.913064
4399001 0.910887
4400001 0.911366
4401001 0.915571
4402001 0.91451
4403001 0.907781
4404001 0.905506
4405001 0.911126
4406001 0.902198
4407001 0.904252
4408001 0.900185
4409001 0.898697
4410001 0.901281
4411001 0.912865
4412001 0.901595
4413001 0.906968
4414001 0.901838
4415001 0.902446
4416001 0.903772
4417001 0.903991
4418001 0.919688
4419001 0.912716
4420001 0.905122
4421001 0.916045
4422001 0.908987
4423001 0.915395
4424001 0.910975
4425001 0.907405
4426001 0.911153
4427001 0.908156
4428001 0.903576
4429001 0.907858
4430001 0.902901
4431001 0.907185
4432001 0.909576
4433001 0.901887
4434001 0.898204
4435001 0.901948
4436001 0.914845
4437001 0.906832
4438001 0.907237
4439001 0.913526
4440001 0.905028
4441001 0.917768
4442001 0.916474
4443001 0.91998
4444001 0.917179
4445001 0.914375
4446001 0.916005
4447001 0.916753
4448001 0.922831
4449001 0.911456
4450001 0.908972
4451001 0.908118
4452001 0.904497
4453001 0.904459
4454001 0.904156
4455001 0.900636
4456001 0.906073
4457001 0.901739
4458001 0.895953
4459001 0.907959
4460001 0.900876
4461001 0.909999
4462001 0.905722
4463001 0.910599
4464001 0.903112
4465001 0.908715
4466001 0.902082
4467001 0.903107
4468001 0.906038
4469001 0.918146
4470001 0.920785
4471001 0.910156
4472001 0.913737
4473001 0.914488
4474001 0.916545
4475001 0.915252
4476001 0.917228
4477001 0.913946
4478001 0.905412
4479001 0.916176
4480001 0.907375
4481001 0.913292
4482001 0.908036
4483001 0.904091
4484001 0.904078
4485001 0.905112
4486001 0.906486
4487001 0.918315
4488001 0.900524
4489001 0.902322
4490001 0.902462
4491001 0.908736
4492001 0.903004
4493001 0.909524
4494001 0.912278
4495001 0.912359
4496001 0.907649
4497001 0.908224
4498001 0.909098
4499001 0.918648
4500001 0.916158
4501001 0.904845
4502001 0.903671
4503001 0.908139
4504001 0.906432
4505001 0.900911
4506001 0.901892
4507001 0.902652
4508001 0.899703
4509001 0.894718
4510001 0.898507
4511001 0.897686
4512001 0.9003
4513001 0.901707
4514001 0.900581
4515001 0.89989
4516001 0.900104
4517001 0.905269
4518001 0.902904
4519001 0.919376
4520001 0.914444
4521001 0.914584
4522001 0.907479
4523001 0.909673
4524001 0.914448
4525001 0.905467
4526001 0.904351
4527001 0.909463
4528001 0.908375
4529001 0.905652
4530001 0.901954
4531001 0.907532
4532001 0.898592
4533001 0.905203
4534001 0.901965
4535001 0.90759
4536001 0.898861
4537001 0.91104
4538001 0.90839
4539001 0.904135
4540001 0.926496
4541001 0.908098
4542001 0.910694
4543001 0.904397
4544001 0.914206
4545001 0.911672
4546001 0.923643
4547001 0.916974
4548001 0.918311
4549001 0.909071
4550001 0.909076
4551001 0.916879
4552001 0.907105
4553001 0.907086
4554001 0.904712
4555001 0.908023
4556001 0.90491
4557001 0.906989
4558001 0.896306
4559001 0.898675
4560001 0.902336
4561001 0.905219
4562001 0.90725
4563001 0.902118
4564001 0.901457
4565001 0.906772
4566001 0.911813
4567001 0.899736
4568001 0.900151
4569001 0.898727
4570001 0.918496
4571001 0.916534
4572001 0.919495
4573001 0.922698
4574001 0.909585
4575001 0.911617
4576001 0.910628
4577001 0.903822
4578001 0.90804
4579001 0.907402
4580001 0.907745
4581001 0.910755
4582001 0.908387
4583001 0.903255
4584001 0.902767
4585001 0.90092
4586001 0.903184
4587001 0.905295
4588001 0.899752
4589001 0.90164
4590001 0.903918
4591001 0.90183
4592001 0.902583
4593001 0.901792
4594001 0.906448
4595001 0.910854
4596001 0.913268
4597001 0.91212
4598001 0.911572
4599001 0.908329
4600001 0.903942
4601001 0.909948
4602001 0.90634
4603001 0.90058
4604001 0.906779
4605001 0.904432
4606001 0.902223
4607001 0.899371
4608001 0.91291
4609001 0.896718
4610001 0.894291
4611001 0.90055
4612001 0.900568
4613001 0.901715
4614001 0.904309
4615001 0.910456
4616001 0.902257
4617001 0.906696
4618001 0.905129
4619001 0.905657
4620001 0.905096
4621001 0.917927
4622001 0.905273
4623001 0.906518
4624001 0.910531
4625001 0.91242
4626001 0.913539
4627001 0.914965
4628001 0.901734
4629001 0.904323
4630001 0.89898
4631001 0.899315
4632001 0.899186
4633001 0.900762
4634001 0.900797
4635001 0.902665
4636001 0.908137
4637001 0.900472
4638001 0.902313
4639001 0.907287
4640001 0.905956
4641001 0.905586
4642001 0.906075
4643001 0.911157
4644001 0.907124
4645001 0.915717
4646001 0.914431
4647001 0.914911
4648001 0.921706
4649001 0.91654
4650001 0.920266
4651001 0.915079
4652001 0.910575
4653001 0.906169
4654001 0.907697
4655001 0.905964
4656001 0.906811
4657001 0.905044
4658001 0.89953
4659001 0.901607
4660001 0.898035
4661001 0.897874
4662001 0.906027
4663001 0.896479
4664001 0.903063
4665001 0.903384
4666001 0.903724
4667001 0.900619
4668001 0.902665
4669001 0.902167
4670001 0.901446
4671001 0.91426
4672001 0.909659
4673001 0.908386
4674001 0.90883
4675001 0.911801
4676001 0.908956
4677001 0.908747
4678001 0.907413
4679001 0.905372
4680001 0.909644
4681001 0.908068
4682001 0.903142
4683001 0.905207
4684001 0.908815
4685001 0.906461
4686001 0.90126
4687001 0.908633
4688001 0.903467
4689001 0.906864
4690001 0.909625
4691001 0.904436
4692001 0.900285
4693001 0.904178
4694001 0.911734
4695001 0.91352
4696001 0.917918
4697001 0.90626
4698001 0.909882
4699001 0.913139
4700001 0.908385
4701001 0.916111
4702001 0.906767
4703001 0.904061
4704001 0.906041
4705001 0.904496
4706001 0.90236
4707001 0.905815
4708001 0.899387
4709001 0.899918
4710001 0.896185
4711001 0.895803
4712001 0.89875
4713001 0.911992
4714001 0.901823
4715001 0.904426
4716001 0.9098
4717001 0.903286
4718001 0.90325
4719001 0.9054
4720001 0.921503
4721001 0.915702
4722001 0.911121
4723001 0.916357
4724001 0.912934
4725001 0.91462
4726001 0.907975
4727001 0.912246
4728001 0.906215
4729001 0.906586
4730001 0.900685
4731001 0.899294
4732001 0.901751
4733001 0.896258
4734001 0.897885
4735001 0.900602
4736001 0.894334
4737001 0.898583
4738001 0.914454
4739001 0.916837
4740001 0.906108
4741001 0.905622
4742001 0.905322
4743001 0.911714
4744001 0.917343
4745001 0.915847
4746001 0.917014
4747001 0.913803
4748001 0.912127
4749001 0.912498
4750001 0.922812
4751001 0.910821
4752001 0.910172
4753001 0.906896
4754001 0.903746
4755001 0.905776
4756001 0.909687
4757001 0.900139
4758001 0.905307
4759001 0.89959
4760001 0.898329
4761001 0.9067
4762001 0.897104
4763001 0.900491
4764001 0.898167
4765001 0.905791
4766001 0.899332
4767001 0.907844
4768001 0.896149
4769001 0.899774
4770001 0.8999
4771001 0.911012
4772001 0.917933
4773001 0.905691
4774001 0.912247
4775001 0.907526
4776001 0.918183
4777001 0.90694
4778001 0.909619
4779001 0.911871
4780001 0.904477
4781001 0.921
4782001 0.90819
4783001 0.909832
4784001 0.905984
4785001 0.906727
4786001 0.906096
4787001 0.902833
4788001 0.904113
4789001 0.913757
4790001 0.90928
4791001 0.903227
4792001 0.90647
4793001 0.90425
4794001 0.904397
4795001 0.907731
4796001 0.907112
4797001 0.91181
4798001 0.907811
4799001 0.911613
4800001 0.920865
4801001 0.913117
4802001 0.905063
4803001 0.902703
4804001 0.90035
4805001 0.903721
4806001 0.899627
4807001 0.895376
4808001 0.899498
4809001 0.897741
4810001 0.898504
4811001 0.892447
4812001 0.895983
4813001 0.898402
4814001 0.900547
4815001 0.901884
4816001 0.905135
4817001 0.901019
4818001 0.902343
4819001 0.903357
4820001 0.90755
4821001 0.919758
4822001 0.916315
4823001 0.909456
4824001 0.908337
4825001 0.907977
4826001 0.91261
4827001 0.906012
4828001 0.903355
4829001 0.90735
4830001 0.906194
4831001 0.900946
4832001 0.90138
4833001 0.900465
4834001 0.895107
4835001 0.90133
4836001 0.900551
4837001 0.894259
4838001 0.903835
4839001 0.911918
4840001 0.917421
4841001 0.906308
4842001 0.914432
4843001 0.907029
4844001 0.915433
4845001 0.907634
4846001 0.910208
4847001 0.910705
4848001 0.923489
4849001 0.907163
4850001 0.91558
4851001 0.907178
4852001 0.90891
4853001 0.913847
4854001 0.905553
4855001 0.901572
4856001 0.903234
4857001 0.901465
4858001 0.901616
4859001 0.902412
4860001 0.897189
4861001 0.895462
4862001 0.899099
4863001 0.901972
4864001 0.900967
4865001 0.89959
4866001 0.897656
4867001 0.902965
4868001 0.894718
4869001 0.898813
4870001 0.89535
4871001 0.894657
4872001 0.912419
4873001 0.909204
4874001 0.914623
4875001 0.927812
4876001 0.904961
4877001 0.908815
4878001 0.910036
4879001 0.914254
4880001 0.907375
4881001 0.902156
4882001 0.905434
4883001 0.909463
4884001 0.907652
4885001 0.902582
4886001 0.902108
4887001 0.90255
4888001 0.903158
4889001 0.9053
4890001 0.901243
4891001 0.897687
4892001 0.903749
4893001 0.904314
4894001 0.908282
4895001 0.902982
4896001 0.907601
4897001 0.912652
4898001 0.911154
4899001 0.914258
4900001 0.909902
4901001 0.910578
4902001 0.906455
4903001 0.907552
4904001 0.903085
4905001 0.900076
4906001 0.906597
4907001 0.899499
4908001 0.896784
4909001 0.89379
4910001 0.892094
4911001 0.893191
4912001 0.888558
4913001 0.899775
4914001 0.901997
4915001 0.897685
4916001 0.900292
4917001 0.905641
4918001 0.901332
4919001 0.899686
4920001 0.902865
4921001 0.904123
4922001 0.904437
4923001 0.916318
4924001 0.90943
4925001 0.905849
4926001 0.91143
4927001 0.915876
4928001 0.911397
4929001 0.912256
4930001 0.9248
4931001 0.905394
4932001 0.897806
4933001 0.896226
4934001 0.896193
4935001 0.897436
4936001 0.899138
4937001 0.898777
4938001 0.923034
4939001 0.895436
4940001 0.896002
4941001 0.901984
4942001 0.903902
4943001 0.916293
4944001 0.898832
4945001 0.903299
4946001 0.900092
4947001 0.909643
4948001 0.909293
4949001 0.912101
4950001 0.912473
4951001 0.90943
4952001 0.91155
4953001 0.906538
4954001 0.905726
4955001 0.90488
4956001 0.902764
4957001 0.900401
4958001 0.901059
4959001 0.905075
4960001 0.894911
4961001 0.892039
4962001 0.897664
4963001 0.895143
4964001 0.906377
4965001 0.900263
4966001 0.900929
4967001 0.897759
4968001 0.898063
4969001 0.911135
4970001 0.897922
4971001 0.898458
4972001 0.89397
4973001 0.909493
4974001 0.909133
4975001 0.903695
4976001 0.906701
4977001 0.905488
4978001 0.903296
4979001 0.902709
4980001 0.902363
4981001 0.903655
4982001 0.906802
4983001 0.907093
4984001 0.899418
4985001 0.90501
4986001 0.904841
4987001 0.902491
4988001 0.897804
4989001 0.905579
4990001 0.900194
4991001 0.906237
4992001 0.907949
4993001 0.905794
4994001 0.899986
4995001 0.902088
4996001 0.910308
4997001 0.910661
4998001 0.91444
4999001 0.912154
