1 99.984
1001 29.9893
2001 29.9854
3001 29.8431
4001 29.6663
5001 29.3797
6001 29.2071
7001 29.0157
8001 28.8653
9001 28.7205
10001 28.6364
11001 28.5011
12001 28.3715
13001 28.2816
14001 28.2118
15001 28.1816
16001 28.1723
17001 28.1807
18001 28.2983
19001 28.3907
20001 28.5448
21001 28.5813
22001 28.5399
23001 28.5025
24001 28.4279
25001 28.3381
26001 28.2703
27001 28.189
28001 28.075
29001 27.972
30001 27.845
31001 27.7044
32001 27.4672
33001 27.2868
34001 27.0552
35001 26.8839
36001 26.8116
37001 26.7017
38001 26.6361
39001 26.5814
40001 26.4798
41001 26.3676
42001 26.2903
43001 26.2802
44001 26.2263
45001 26.1783
46001 26.1309
47001 26.1142
48001 26.0381
49001 26.0069
50001 25.9271
51001 25.8843
52001 25.8159
53001 25.7329
54001 25.6176
55001 25.4987
56001 25.3509
57001 25.2141
58001 25.1138
59001 24.9719
60001 24.902
61001 24.8362
62001 24.78
63001 24.7206
64001 24.6737
65001 24.6573
66001 24.6603
67001 24.6733
68001 24.6786
69001 24.6746
70001 24.6663
71001 24.6578
72001 24.6246
73001 24.5966
74001 24.5431
75001 24.4936
76001 24.4478
77001 24.4003
78001 24.3532
79001 24.3059
80001 24.2537
81001 24.2606
82001 24.1884
83001 24.1566
84001 24.0775
85001 23.9923
86001 23.8447
87001 23.7147
88001 23.7073
89001 23.6171
90001 23.56
91001 23.5597
92001 23.5719
93001 23.5696
94001 23.5733
95001 23.568
96001 23.5318
97001 23.4894
98001 23.4455
99001 23.4064
100001 23.4092
101001 23.5627
102001 23.3471
103001 23.1975
104001 22.9395
105001 22.6173
106001 22.3316
107001 22.1101
108001 21.8809
109001 21.717
110001 21.5782
111001 21.5089
112001 21.461
113001 21.432
114001 21.4297
115001 21.4403
116001 21.4742
117001 21.5372
118001 21.6065
119001 21.7389
120001 21.866
121001 21.9879
122001 22.0544
123001 22.1011
124001 22.1195
125001 22.1204
126001 22.0995
127001 22.1111
128001 22.1321
129001 22.1697
130001 22.2211
131001 22.2689
132001 22.2818
133001 22.2235
134001 22.1788
135001 22.0041
136001 21.8836
137001 21.7956
138001 21.6736
139001 21.5785
140001 21.4804
141001 21.4005
142001 21.3902
143001 21.3877
144001 21.4155
145001 21.453
146001 21.4382
147001 21.372
148001 21.3531
149001 21.2736
150001 21.1912
151001 21.1196
152001 21.0559
153001 21.0001
154001 20.9261
155001 20.8273
156001 20.7371
157001 20.6057
158001 20.4722
159001 20.3068
160001 20.1758
161001 20.0284
162001 19.9191
163001 19.8359
164001 19.7775
165001 19.7046
166001 19.657
167001 19.6322
168001 19.5935
169001 19.5911
170001 19.5926
171001 19.5823
172001 19.5826
173001 19.5733
174001 19.5695
175001 19.5432
176001 19.4799
177001 19.3853
178001 19.3357
179001 19.2402
180001 19.1738
181001 19.1552
182001 19.17
183001 19.2035
184001 19.2238
185001 19.2479
186001 19.1908
187001 19.1059
188001 19.0295
189001 18.961
190001 18.8696
191001 18.8043
192001 18.794
193001 18.7633
194001 18.7383
195001 18.7297
196001 18.7159
197001 18.6939
198001 18.6783
199001 18.6507
200001 18.6115
201001 18.5382
202001 18.458
203001 18.3303
204001 18.1752
205001 18.0113
206001 17.8482
207001 17.6964
208001 17.5465
209001 17.4543
210001 17.3609
211001 17.3227
212001 17.3117
213001 17.3043
214001 17.3062
215001 17.3162
216001 17.3532
217001 17.3912
218001 17.4497
219001 17.5113
220001 17.5928
221001 17.655
222001 17.7173
223001 17.7813
224001 17.8405
225001 17.8735
226001 17.8755
227001 17.8654
228001 17.8275
229001 17.8401
230001 17.7805
231001 17.7892
232001 17.855
233001 17.9204
234001 18.0105
235001 18.0933
236001 18.0463
237001 18.0061
238001 17.9417
239001 17.9156
240001 17.8877
241001 17.8898
242001 17.9148
243001 17.9773
244001 18.0327
245001 18.0114
246001 17.9677
247001 17.8934
248001 17.8183
249001 17.7564
250001 17.7008
251001 17.6247
252001 17.5687
253001 17.5312
254001 17.5158
255001 17.4796
256001 17.4449
257001 17.3837
258001 17.2776
259001 17.2098
260001 17.1158
261001 17.0632
262001 16.9714
263001 16.9386
264001 16.9214
265001 16.9052
266001 16.8838
267001 16.8763
268001 16.9233
269001 16.9003
270001 16.962
271001 16.9526
272001 16.9581
273001 16.9572
274001 16.8613
275001 16.7637
276001 16.7255
277001 16.6332
278001 16.5283
279001 16.4698
280001 16.393
281001 16.3215
282001 16.2894
283001 16.1935
284001 16.1006
285001 16.0388
286001 15.9777
287001 15.8854
288001 15.8197
289001 15.7397
290001 15.6817
291001 15.6152
292001 15.606
293001 15.6194
294001 15.638
295001 15.6599
296001 15.7111
297001 15.7693
298001 15.8164
299001 15.8568
300001 15.855
301001 15.7976
302001 15.6995
303001 15.6698
304001 15.6415
305001 15.6227
306001 15.6164
307001 15.5743
308001 15.5412
309001 15.4868
310001 15.4738
311001 15.4403
312001 15.4307
313001 15.4471
314001 15.4449
315001 15.4326
316001 15.4598
317001 15.4782
318001 15.5137
319001 15.5326
320001 15.542
321001 15.5506
322001 15.5511
323001 15.5414
324001 15.5512
325001 15.5336
326001 15.5287
327001 15.5057
328001 15.4616
329001 15.3881
330001 15.3219
331001 15.2583
332001 15.1662
333001 15.0823
334001 15.0094
335001 14.9716
336001 14.9749
337001 14.9477
338001 14.9408
339001 14.9254
340001 14.9285
341001 14.9329
342001 14.9292
343001 14.9155
344001 14.8922
345001 14.8598
346001 14.8186
347001 14.7894
348001 14.7634
349001 14.7342
350001 14.7194
351001 14.6739
352001 14.6328
353001 14.6085
354001 14.5955
355001 14.6025
356001 14.5939
357001 14.6043
358001 14.6066
359001 14.5427
360001 14.5147
361001 14.4738
362001 14.4768
363001 14.4351
364001 14.431
365001 14.4398
366001 14.4503
367001 14.4689
368001 14.493
369001 14.527
370001 14.5406
371001 14.5823
372001 14.5757
373001 14.5678
374001 14.5617
375001 14.5462
376001 14.4988
377001 14.4761
378001 14.4124
379001 14.328
380001 14.2117
381001 14.0606
382001 13.9047
383001 13.7421
384001 13.5967
385001 13.4359
386001 13.3407
387001 13.2527
388001 13.1865
389001 13.1552
390001 13.1434
391001 13.1267
392001 13.1326
393001 13.1523
394001 13.1949
395001 13.2542
396001 13.3148
397001 13.3852
398001 13.4718
399001 13.5283
400001 13.5673
401001 13.5831
402001 13.5501
403001 13.5193
404001 13.6028
405001 13.6329
406001 13.6663
407001 13.6671
408001 13.6646
409001 13.6798
410001 13.6789
411001 13.7129
412001 13.7237
413001 13.721
414001 13.7631
415001 13.7667
416001 13.7857
417001 13.7914
418001 13.7874
419001 13.823
420001 13.8349
421001 13.8232
422001 13.8141
423001 13.7716
424001 13.7346
425001 13.7189
426001 13.7051
427001 13.6821
428001 13.6605
429001 13.6424
430001 13.6113
431001 13.587
432001 13.5376
433001 13.4924
434001 13.415
435001 13.2997
436001 13.1748
437001 13.0757
438001 12.985
439001 12.9262
440001 12.8599
441001 12.8021
442001 12.7142
443001 12.6336
444001 12.5697
445001 12.5348
446001 12.5221
447001 12.5143
448001 12.5125
449001 12.4971
450001 12.4823
451001 12.4489
452001 12.4498
453001 12.4222
454001 12.4009
455001 12.3836
456001 12.3705
457001 12.3391
458001 12.3171
459001 12.2778
460001 12.2337
461001 12.2106
462001 12.1713
463001 12.157
464001 12.1418
465001 12.1499
466001 12.1531
467001 12.1212
468001 12.1111
469001 12.1254
470001 12.1006
471001 12.1229
472001 12.1131
473001 12.1413
474001 12.1428
475001 12.166
476001 12.1998
477001 12.2055
478001 12.1874
479001 12.1153
480001 12.0069
481001 11.8906
482001 11.7613
483001 11.6441
484001 11.5284
485001 11.4457
486001 11.378
487001 11.3191
488001 11.2827
489001 11.2705
490001 11.2608
491001 11.2546
492001 11.2423
493001 11.2546
494001 11.2641
495001 11.2856
496001 11.3097
497001 11.3396
498001 11.4007
499001 11.4191
500001 11.4386
501001 11.4794
502001 11.4759
503001 11.4875
504001 11.5085
505001 11.5663
506001 11.5705
507001 11.5445
508001 11.5849
509001 11.5985
510001 11.6226
511001 11.6632
512001 11.7072
513001 11.741
514001 11.779
515001 11.7995
516001 11.8539
517001 11.8667
518001 11.8751
519001 11.8919
520001 11.9027
521001 11.9074
522001 11.9169
523001 11.9205
524001 11.9016
525001 11.8898
526001 11.8856
527001 11.8754
528001 11.874
529001 11.8615
530001 11.8643
531001 11.8692
532001 11.8924
533001 11.8986
534001 11.9198
535001 11.9027
536001 11.8584
537001 11.8052
538001 11.7615
539001 11.684
540001 11.6357
541001 11.5642
542001 11.5301
543001 11.4222
544001 11.3879
545001 11.3619
546001 11.3553
547001 11.3595
548001 11.3208
549001 11.3062
550001 11.2844
551001 11.2485
552001 11.201
553001 11.1575
554001 11.0989
555001 11.0557
556001 10.9777
557001 10.8776
558001 10.7675
559001 10.701
560001 10.6154
561001 10.5655
562001 10.522
563001 10.4942
564001 10.4475
565001 10.4424
566001 10.4354
567001 10.4145
568001 10.39
569001 10.3636
570001 10.3802
571001 10.3799
572001 10.4102
573001 10.4308
574001 10.4736
575001 10.518
576001 10.5742
577001 10.6215
578001 10.6334
579001 10.6119
580001 10.5802
581001 10.5222
582001 10.4855
583001 10.4323
584001 10.4258
585001 10.4123
586001 10.3996
587001 10.4061
588001 10.3848
589001 10.3716
590001 10.338
591001 10.3246
592001 10.2958
593001 10.2779
594001 10.2667
595001 10.2635
596001 10.2373
597001 10.2241
598001 10.2204
599001 10.2041
600001 10.1901
601001 10.1914
602001 10.1793
603001 10.1857
604001 10.1677
605001 10.1725
606001 10.1613
607001 10.1408
608001 10.1427
609001 10.1195
610001 10.144
611001 10.1561
612001 10.1853
613001 10.2153
614001 10.2511
615001 10.2805
616001 10.3032
617001 10.3267
618001 10.3307
619001 10.3291
620001 10.3343
621001 10.3308
622001 10.3254
623001 10.342
624001 10.3494
625001 10.3568
626001 10.3657
627001 10.3664
628001 10.3512
629001 10.3454
630001 10.3283
631001 10.329
632001 10.3177
633001 10.33
634001 10.3416
635001 10.366
636001 10.4004
637001 10.3969
638001 10.3754
639001 10.3948
640001 10.3603
641001 10.33
642001 10.3206
643001 10.3121
644001 10.2799
645001 10.2935
646001 10.2984
647001 10.2899
648001 10.2879
649001 10.256
650001 10.2415
651001 10.2038
652001 10.1921
653001 10.1673
654001 10.1134
655001 10.0573
656001 9.96035
657001 9.8438
658001 9.72143
659001 9.60528
660001 9.5153
661001 9.44094
662001 9.38035
663001 9.33693
664001 9.30937
665001 9.28923
666001 9.27914
667001 9.27581
668001 9.27828
669001 9.28809
670001 9.30311
671001 9.33807
672001 9.38913
673001 9.42413
674001 9.48587
675001 9.54248
676001 9.58768
677001 9.64656
678001 9.67415
679001 9.66156
680001 9.66408
681001 9.65547
682001 9.65328
683001 9.65465
684001 9.68388
685001 9.69082
686001 9.70233
687001 9.72685
688001 9.71582
689001 9.74353
690001 9.73847
691001 9.69892
692001 9.6836
693001 9.68989
694001 9.66943
695001 9.65396
696001 9.63066
697001 9.59558
698001 9.57407
699001 9.55392
700001 9.52022
701001 9.47641
702001 9.47075
703001 9.46528
704001 9.44959
705001 9.43185
706001 9.42542
707001 9.40647
708001 9.38848
709001 9.37332
710001 9.38001
711001 9.36981
712001 9.3789
713001 9.3772
714001 9.384
715001 9.37803
716001 9.37138
717001 9.36878
718001 9.35613
719001 9.33753
720001 9.31469
721001 9.30808
722001 9.2836
723001 9.28074
724001 9.27752
725001 9.27945
726001 9.27187
727001 9.27444
728001 9.25507
729001 9.23661
730001 9.22425
731001 9.17226
732001 9.14292
733001 9.10486
734001 9.07791
735001 9.07333
736001 9.03739
737001 9.03983
738001 9.02215
739001 8.99445
740001 8.98542
741001 8.97578
742001 8.94537
743001 8.94967
744001 8.92257
745001 8.9158
746001 8.90842
747001 8.89697
748001 8.89296
749001 8.87656
750001 8.88151
751001 8.87823
752001 8.88765
753001 8.91115
754001 8.91776
755001 8.91096
756001 8.86836
757001 8.81087
758001 8.74407
759001 8.68375
760001 8.62638
761001 8.57394
762001 8.53633
763001 8.51683
764001 8.49952
765001 8.48039
766001 8.49072
767001 8.49131
768001 8.5081
769001 8.51842
770001 8.54783
771001 8.56922
772001 8.59991
773001 8.61667
774001 8.64381
775001 8.68942
776001 8.70353
777001 8.70864
778001 8.71248
779001 8.71294
780001 8.69561
781001 8.69604
782001 8.6992
783001 8.69514
784001 8.69606
785001 8.69581
786001 8.7194
787001 8.70886
788001 8.74074
789001 8.74214
790001 8.76938
791001 8.78738
792001 8.7919
793001 8.78262
794001 8.80781
795001 8.79643
796001 8.7736
797001 8.73904
798001 8.72849
799001 8.69228
800001 8.67654
801001 8.65193
802001 8.63112
803001 8.63552
804001 8.63427
805001 8.63354
806001 8.63444
807001 8.63723
808001 8.66108
809001 8.67534
810001 8.66802
811001 8.69459
812001 8.68157
813001 8.67547
814001 8.65367
815001 8.6525
816001 8.62765
817001 8.60938
818001 8.59496
819001 8.57651
820001 8.56839
821001 8.53156
822001 8.5331
823001 8.52431
824001 8.5271
825001 8.49025
826001 8.50987
827001 8.49582
828001 8.47908
829001 8.47491
830001 8.43153
831001 8.40701
832001 8.33763
833001 8.27658
834001 8.21151
835001 8.14829
836001 8.09271
837001 8.0311
838001 7.97348
839001 7.92758
840001 7.89402
841001 7.84817
842001 7.82518
843001 7.7989
844001 7.77918
845001 7.7517
846001 7.73202
847001 7.71505
848001 7.70733
849001 7.71376
850001 7.73198
851001 7.76384
852001 7.79943
853001 7.85099
854001 7.903
855001 7.92657
856001 7.94467
857001 7.93593
858001 7.92561
859001 7.90409
860001 7.90374
861001 7.90973
862001 7.89316
863001 7.88071
864001 7.88899
865001 7.88205
866001 7.88849
867001 7.88903
868001 7.90983
869001 7.90421
870001 7.90357
871001 7.91224
872001 7.88416
873001 7.89218
874001 7.85689
875001 7.85812
876001 7.82647
877001 7.80598
878001 7.80339
879001 7.77212
880001 7.76536
881001 7.74499
882001 7.74229
883001 7.72652
884001 7.70855
885001 7.70007
886001 7.69045
887001 7.69931
888001 7.716
889001 7.73587
890001 7.74804
891001 7.77839
892001 7.79831
893001 7.8121
894001 7.82272
895001 7.81068
896001 7.78863
897001 7.76442
898001 7.73935
899001 7.72604
900001 7.69725
901001 7.69398
902001 7.68502
903001 7.68031
904001 7.68969
905001 7.67924
906001 7.68453
907001 7.68936
908001 7.69718
909001 7.71846
910001 7.73054
911001 7.71614
912001 7.71492
913001 7.72051
914001 7.71073
915001 7.69497
916001 7.67759
917001 7.6736
918001 7.65477
919001 7.65022
920001 7.65746
921001 7.64727
922001 7.64622
923001 7.6495
924001 7.67105
925001 7.64892
926001 7.67486
927001 7.66824
928001 7.6638
929001 7.67618
930001 7.66506
931001 7.63513
932001 7.58555
933001 7.53178
934001 7.4555
935001 7.38083
936001 7.30883
937001 7.24235
938001 7.18714
939001 7.13579
940001 7.10823
941001 7.06642
942001 7.04699
943001 7.02273
944001 7.01197
945001 7.00364
946001 7.00605
947001 7.00085
948001 7.00423
949001 7.03004
950001 7.04788
951001 7.0946
952001 7.11158
953001 7.15637
954001 7.18743
955001 7.2087
956001 7.22429
957001 7.22554
958001 7.23692
959001 7.24333
960001 7.25571
961001 7.26013
962001 7.24333
963001 7.25161
964001 7.24442
965001 7.25266
966001 7.25362
967001 7.26358
968001 7.24749
969001 7.24414
970001 7.24882
971001 7.21674
972001 7.20361
973001 7.16831
974001 7.14535
975001 7.09986
976001 7.09565
977001 7.05942
978001 7.03962
979001 7.0247
980001 7.024
981001 7.0062
982001 7.00451
983001 6.99875
984001 6.99442
985001 6.99996
986001 7.01569
987001 7.03076
988001 7.03285
989001 7.04613
990001 7.05855
991001 7.07723
992001 7.07167
993001 7.08334
994001 7.07298
995001 7.05773
996001 7.03804
997001 7.01766
998001 6.99003
999001 6.98857
1000001 6.96017
1001001 6.94139
1002001 6.93625
1003001 6.91598
1004001 6.91142
1005001 6.89426
1006001 6.8749
1007001 6.86498
1008001 6.8273
1009001 6.81931
1010001 6.78138
1011001 6.74847
1012001 6.73447
1013001 6.70638
1014001 6.69536
1015001 6.66731
1016001 6.66127
1017001 6.64226
1018001 6.63015
1019001 6.62839
1020001 6.63885
1021001 6.62866
1022001 6.63138
1023001 6.63244
1024001 6.64155
1025001 6.64725
1026001 6.66026
1027001 6.681
1028001 6.68721
1029001 6.7037
1030001 6.73051
1031001 6.7353
1032001 6.71554
1033001 6.68232
1034001 6.62672
1035001 6.58033
1036001 6.52919
1037001 6.48078
1038001 6.45379
1039001 6.43065
1040001 6.42802
1041001 6.42874
1042001 6.40118
1043001 6.40437
1044001 6.41416
1045001 6.42426
1046001 6.42372
1047001 6.45486
1048001 6.44951
1049001 6.45913
1050001 6.48515
1051001 6.49208
1052001 6.51325
1053001 6.52752
1054001 6.52529
1055001 6.51133
1056001 6.51818
1057001 6.49534
1058001 6.50785
1059001 6.4947
1060001 6.49304
1061001 6.47379
1062001 6.45087
1063001 6.45152
1064001 6.45575
1065001 6.45121
1066001 6.45306
1067001 6.457
1068001 6.47263
1069001 6.46245
1070001 6.45768
1071001 6.44955
1072001 6.43704
1073001 6.42428
1074001 6.39963
1075001 6.38195
1076001 6.3619
1077001 6.34462
1078001 6.33463
1079001 6.33573
1080001 6.33714
1081001 6.33179
1082001 6.34025
1083001 6.34044
1084001 6.356
1085001 6.36186
1086001 6.38029
1087001 6.40665
1088001 6.43226
1089001 6.43346
1090001 6.44643
1091001 6.43464
1092001 6.43231
1093001 6.41921
1094001 6.40143
1095001 6.41491
1096001 6.38248
1097001 6.3651
1098001 6.36768
1099001 6.35583
1100001 6.34386
1101001 6.32616
1102001 6.31914
1103001 6.29625
1104001 6.29226
1105001 6.27226
1106001 6.24349
1107001 6.22759
1108001 6.2038
1109001 6.15983
1110001 6.09713
1111001 6.03942
1112001 5.98528
1113001 5.94885
1114001 5.91128
1115001 5.87468
1116001 5.84997
1117001 5.82974
1118001 5.81376
1119001 5.79448
1120001 5.7848
1121001 5.77879
1122001 5.77434
1123001 5.76978
1124001 5.77367
1125001 5.77689
1126001 5.77422
1127001 5.80035
1128001 5.81464
1129001 5.83697
1130001 5.86513
1131001 5.89269
1132001 5.90902
1133001 5.89525
1134001 5.89277
1135001 5.86282
1136001 5.84858
1137001 5.82519
1138001 5.82253
1139001 5.82674
1140001 5.81328
1141001 5.82097
1142001 5.82788
1143001 5.81632
1144001 5.82213
1145001 5.83386
1146001 5.8361
1147001 5.84083
1148001 5.84636
1149001 5.86598
1150001 5.82642
1151001 5.81588
1152001 5.82181
1153001 5.80555
1154001 5.77432
1155001 5.77928
1156001 5.76372
1157001 5.7463
1158001 5.73174
1159001 5.71631
1160001 5.69709
1161001 5.67941
1162001 5.66135
1163001 5.64784
1164001 5.65289
1165001 5.65173
1166001 5.65434
1167001 5.67055
1168001 5.68508
1169001 5.69499
1170001 5.70267
1171001 5.70947
1172001 5.69835
1173001 5.68292
1174001 5.68037
1175001 5.6658
1176001 5.64899
1177001 5.63494
1178001 5.62903
1179001 5.61883
1180001 5.61578
1181001 5.62314
1182001 5.61807
1183001 5.62118
1184001 5.61847
1185001 5.62431
1186001 5.6273
1187001 5.62091
1188001 5.65015
1189001 5.6386
1190001 5.63264
1191001 5.6105
1192001 5.62154
1193001 5.59785
1194001 5.59986
1195001 5.58312
1196001 5.58109
1197001 5.57931
1198001 5.57533
1199001 5.57258
1200001 5.57182
1201001 5.55852
1202001 5.58691
1203001 5.56502
1204001 5.56728
1205001 5.56843
1206001 5.55455
1207001 5.55067
1208001 5.5409
1209001 5.52261
1210001 5.47875
1211001 5.43024
1212001 5.38951
1213001 5.35008
1214001 5.32
1215001 5.28239
1216001 5.26419
1217001 5.24619
1218001 5.23053
1219001 5.22098
1220001 5.20918
1221001 5.20488
1222001 5.19347
1223001 5.19959
1224001 5.21139
1225001 5.21448
1226001 5.21884
1227001 5.23668
1228001 5.24595
1229001 5.25004
1230001 5.27312
1231001 5.29786
1232001 5.30437
1233001 5.31538
1234001 5.30777
1235001 5.29387
1236001 5.30614
1237001 5.2969
1238001 5.28689
1239001 5.28992
1240001 5.27136
1241001 5.27497
1242001 5.27501
1243001 5.27599
1244001 5.26158
1245001 5.25005
1246001 5.25258
1247001 5.24134
1248001 5.23168
1249001 5.20478
1250001 5.18577
1251001 5.17488
1252001 5.14529
1253001 5.1282
1254001 5.10653
1255001 5.10286
1256001 5.08728
1257001 5.08677
1258001 5.07344
1259001 5.06413
1260001 5.05919
1261001 5.05778
1262001 5.05178
1263001 5.05337
1264001 5.06838
1265001 5.05978
1266001 5.09179
1267001 5.08925
1268001 5.10209
1269001 5.10388
1270001 5.11622
1271001 5.11694
1272001 5.10265
1273001 5.09625
1274001 5.08426
1275001 5.0918
1276001 5.0605
1277001 5.0654
1278001 5.04542
1279001 5.0406
1280001 5.03688
1281001 5.01379
1282001 4.9914
1283001 4.99626
1284001 4.98175
1285001 4.94926
1286001 4.92882
1287001 4.90467
1288001 4.87698
1289001 4.85977
1290001 4.82813
1291001 4.80928
1292001 4.78888
1293001 4.7762
1294001 4.7573
1295001 4.76518
1296001 4.75683
1297001 4.75304
1298001 4.74851
1299001 4.7456
1300001 4.74684
1301001 4.76194
1302001 4.7586
1303001 4.77604
1304001 4.79096
1305001 4.80559
1306001 4.82417
1307001 4.83949
1308001 4.85006
1309001 4.84665
1310001 4.83738
1311001 4.81459
1312001 4.79368
1313001 4.78607
1314001 4.76271
1315001 4.75306
1316001 4.73562
1317001 4.7359
1318001 4.72923
1319001 4.72444
1320001 4.72815
1321001 4.74002
1322001 4.73117
1323001 4.74967
1324001 4.769
1325001 4.7856
1326001 4.78835
1327001 4.77973
1328001 4.79619
1329001 4.8023
1330001 4.8179
1331001 4.81763
1332001 4.79227
1333001 4.79624
1334001 4.79024
1335001 4.77515
1336001 4.76094
1337001 4.75928
1338001 4.74469
1339001 4.73316
1340001 4.72844
1341001 4.70711
1342001 4.70293
1343001 4.70424
1344001 4.69359
1345001 4.69483
1346001 4.69257
1347001 4.68066
1348001 4.66555
1349001 4.64787
1350001 4.62869
1351001 4.61367
1352001 4.59586
1353001 4.58174
1354001 4.56911
1355001 4.56255
1356001 4.55834
1357001 4.57275
1358001 4.56665
1359001 4.56287
1360001 4.56725
1361001 4.57787
1362001 4.57881
1363001 4.5864
1364001 4.60066
1365001 4.62108
1366001 4.5974
1367001 4.60984
1368001 4.59497
1369001 4.61703
1370001 4.58375
1371001 4.59072
1372001 4.58337
1373001 4.56557
1374001 4.56807
1375001 4.56057
1376001 4.54966
1377001 4.55025
1378001 4.55441
1379001 4.55195
1380001 4.54453
1381001 4.53388
1382001 4.52533
1383001 4.50782
1384001 4.50386
1385001 4.47152
1386001 4.43685
1387001 4.40383
1388001 4.3524
1389001 4.31433
1390001 4.28355
1391001 4.25124
1392001 4.22793
1393001 4.20586
1394001 4.19399
1395001 4.17929
1396001 4.16858
1397001 4.16178
1398001 4.1556
1399001 4.14995
1400001 4.15162
1401001 4.15104
1402001 4.15951
1403001 4.17709
1404001 4.19224
1405001 4.21648
1406001 4.23586
1407001 4.2525
1408001 4.27958
1409001 4.28964
1410001 4.29493
1411001 4.3
1412001 4.28102
1413001 4.27663
1414001 4.26834
1415001 4.25195
1416001 4.24702
1417001 4.23427
1418001 4.26238
1419001 4.25301
1420001 4.24835
1421001 4.26802
1422001 4.26275
1423001 4.27258
1424001 4.26947
1425001 4.2815
1426001 4.29042
1427001 4.28506
1428001 4.27948
1429001 4.28069
1430001 4.26358
1431001 4.25619
1432001 4.24381
1433001 4.23221
1434001 4.21928
1435001 4.19956
1436001 4.19548
1437001 4.17762
1438001 4.17384
1439001 4.16297
1440001 4.16159
1441001 4.16381
1442001 4.16789
1443001 4.15639
1444001 4.15574
1445001 4.16882
1446001 4.17583
1447001 4.16829
1448001 4.1739
1449001 4.16295
1450001 4.14971
1451001 4.13359
1452001 4.13302
1453001 4.11511
1454001 4.10085
1455001 4.10523
1456001 4.08889
1457001 4.08612
1458001 4.07296
1459001 4.07975
1460001 4.08256
1461001 4.07948
1462001 4.0788
1463001 4.08304
1464001 4.06996
1465001 4.06978
1466001 4.04992
1467001 4.03432
1468001 4.02702
1469001 4.00051
1470001 4.00512
1471001 3.99118
1472001 3.98382
1473001 3.98542
1474001 3.98011
1475001 3.96629
1476001 3.97932
1477001 3.97727
1478001 3.99058
1479001 3.99908
1480001 3.99993
1481001 4.00578
1482001 4.01522
1483001 4.02895
1484001 4.02335
1485001 4.01867
1486001 3.99947
1487001 3.96653
1488001 3.94222
1489001 3.92002
1490001 3.89261
1491001 3.87341
1492001 3.86155
1493001 3.84927
1494001 3.82792
1495001 3.82627
1496001 3.81878
1497001 3.80706
1498001 3.80676
1499001 3.81104
1500001 3.81436
1501001 3.81024
1502001 3.82907
1503001 3.83256
1504001 3.83204
1505001 3.86021
1506001 3.86192
1507001 3.85959
1508001 3.89004
1509001 3.88366
1510001 3.87984
1511001 3.87973
1512001 3.89286
1513001 3.89246
1514001 3.87376
1515001 3.87112
1516001 3.84293
1517001 3.8371
1518001 3.82856
1519001 3.81947
1520001 3.80929
1521001 3.80916
1522001 3.80793
1523001 3.8071
1524001 3.79766
1525001 3.78479
1526001 3.77701
1527001 3.76106
1528001 3.75042
1529001 3.7358
1530001 3.73736
1531001 3.72143
1532001 3.713
1533001 3.70389
1534001 3.69571
1535001 3.68919
1536001 3.68328
1537001 3.66997
1538001 3.66408
1539001 3.67244
1540001 3.68375
1541001 3.69831
1542001 3.71025
1543001 3.71824
1544001 3.71103
1545001 3.72353
1546001 3.72866
1547001 3.74497
1548001 3.73192
1549001 3.74839
1550001 3.72648
1551001 3.7294
1552001 3.70578
1553001 3.71446
1554001 3.69779
1555001 3.67401
1556001 3.66684
1557001 3.65232
1558001 3.63987
1559001 3.63019
1560001 3.62586
1561001 3.6085
1562001 3.60898
1563001 3.58661
1564001 3.55754
1565001 3.52534
1566001 3.49701
1567001 3.4703
1568001 3.45554
1569001 3.43637
1570001 3.42134
1571001 3.40324
1572001 3.40056
1573001 3.39746
1574001 3.39363
1575001 3.39367
1576001 3.39118
1577001 3.40706
1578001 3.40828
1579001 3.43172
1580001 3.44264
1581001 3.45924
1582001 3.47727
1583001 3.50945
1584001 3.5276
1585001 3.53911
1586001 3.53549
1587001 3.53978
1588001 3.51836
1589001 3.51512
1590001 3.50454
1591001 3.50056
1592001 3.49877
1593001 3.50731
1594001 3.51901
1595001 3.50227
1596001 3.50809
1597001 3.49303
1598001 3.4998
1599001 3.51323
1600001 3.51842
1601001 3.52374
1602001 3.54199
1603001 3.53843
1604001 3.56783
1605001 3.5542
1606001 3.54117
1607001 3.55328
1608001 3.54078
1609001 3.52959
1610001 3.53096
1611001 3.51278
1612001 3.5219
1613001 3.51931
1614001 3.51438
1615001 3.51374
1616001 3.48797
1617001 3.48378
1618001 3.47437
1619001 3.45425
1620001 3.44907
1621001 3.44592
1622001 3.43524
1623001 3.42954
1624001 3.42485
1625001 3.4083
1626001 3.39076
1627001 3.38028
1628001 3.36276
1629001 3.35071
1630001 3.34264
1631001 3.34455
1632001 3.3311
1633001 3.32469
1634001 3.32293
1635001 3.30727
1636001 3.30701
1637001 3.30443
1638001 3.31776
1639001 3.3125
1640001 3.32155
1641001 3.31907
1642001 3.3243
1643001 3.34489
1644001 3.34056
1645001 3.31935
1646001 3.33459
1647001 3.34046
1648001 3.31785
1649001 3.32348
1650001 3.33228
1651001 3.32016
1652001 3.32404
1653001 3.31975
1654001 3.30629
1655001 3.30265
1656001 3.29682
1657001 3.28888
1658001 3.27694
1659001 3.27997
1660001 3.27985
1661001 3.26176
1662001 3.25178
1663001 3.22313
1664001 3.19691
1665001 3.16255
1666001 3.13501
1667001 3.10925
1668001 3.08679
1669001 3.06727
1670001 3.05564
1671001 3.03721
1672001 3.03356
1673001 3.02302
1674001 3.01769
1675001 3.02566
1676001 3.01672
1677001 3.02328
1678001 3.03287
1679001 3.04207
1680001 3.04771
1681001 3.06945
1682001 3.07839
1683001 3.09932
1684001 3.12716
1685001 3.14693
1686001 3.14785
1687001 3.16039
1688001 3.15155
1689001 3.15085
1690001 3.1481
1691001 3.15485
1692001 3.14868
1693001 3.14768
1694001 3.14888
1695001 3.14693
1696001 3.1525
1697001 3.16482
1698001 3.1543
1699001 3.15928
1700001 3.17973
1701001 3.17856
1702001 3.18536
1703001 3.19008
1704001 3.17984
1705001 3.18896
1706001 3.18994
1707001 3.17767
1708001 3.15988
1709001 3.1536
1710001 3.15309
1711001 3.14106
1712001 3.12516
1713001 3.12588
1714001 3.12229
1715001 3.11422
1716001 3.1113
1717001 3.12235
1718001 3.10772
1719001 3.11499
1720001 3.1077
1721001 3.10497
1722001 3.10659
1723001 3.10192
1724001 3.10162
1725001 3.10753
1726001 3.09512
1727001 3.08144
1728001 3.08106
1729001 3.06312
1730001 3.06253
1731001 3.05662
1732001 3.04961
1733001 3.03794
1734001 3.04171
1735001 3.0302
1736001 3.01467
1737001 3.02101
1738001 2.99933
1739001 3.01084
1740001 2.99604
1741001 2.98377
1742001 2.9941
1743001 2.9575
1744001 2.95768
1745001 2.93975
1746001 2.90226
1747001 2.90857
1748001 2.90254
1749001 2.88685
1750001 2.89028
1751001 2.8955
1752001 2.8893
1753001 2.89465
1754001 2.90059
1755001 2.91447
1756001 2.91193
1757001 2.91489
1758001 2.92039
1759001 2.92408
1760001 2.93693
1761001 2.93779
1762001 2.93683
1763001 2.92367
1764001 2.91452
1765001 2.89207
1766001 2.88601
1767001 2.87388
1768001 2.86808
1769001 2.86555
1770001 2.85435
1771001 2.84796
1772001 2.84116
1773001 2.84004
1774001 2.83257
1775001 2.83039
1776001 2.83045
1777001 2.83928
1778001 2.84536
1779001 2.8589
1780001 2.85865
1781001 2.85466
1782001 2.86886
1783001 2.86888
1784001 2.88383
1785001 2.88031
1786001 2.88722
1787001 2.88204
1788001 2.88855
1789001 2.89251
1790001 2.87691
1791001 2.8857
1792001 2.87294
1793001 2.87235
1794001 2.85867
1795001 2.84663
1796001 2.84637
1797001 2.83699
1798001 2.84529
1799001 2.84281
1800001 2.83408
1801001 2.83475
1802001 2.83287
1803001 2.82314
1804001 2.8149
1805001 2.81335
1806001 2.79521
1807001 2.7923
1808001 2.7812
1809001 2.76962
1810001 2.77563
1811001 2.76843
1812001 2.76244
1813001 2.74424
1814001 2.74301
1815001 2.75095
1816001 2.76174
1817001 2.75174
1818001 2.78247
1819001 2.78374
1820001 2.78137
1821001 2.77796
1822001 2.7929
1823001 2.80159
1824001 2.79178
1825001 2.7948
1826001 2.8011
1827001 2.81198
1828001 2.78196
1829001 2.78522
1830001 2.78625
1831001 2.78369
1832001 2.75592
1833001 2.76524
1834001 2.75192
1835001 2.7453
1836001 2.75445
1837001 2.72972
1838001 2.73729
1839001 2.70518
1840001 2.68298
1841001 2.66218
1842001 2.649
1843001 2.61776
1844001 2.58884
1845001 2.56632
1846001 2.54279
1847001 2.53274
1848001 2.51338
1849001 2.51082
1850001 2.50583
1851001 2.51417
1852001 2.51411
1853001 2.51489
1854001 2.52771
1855001 2.52211
1856001 2.53499
1857001 2.55228
1858001 2.56588
1859001 2.58564
1860001 2.60115
1861001 2.62182
1862001 2.61696
1863001 2.63476
1864001 2.62873
1865001 2.62597
1866001 2.62018
1867001 2.63432
1868001 2.64011
1869001 2.62564
1870001 2.63395
1871001 2.64204
1872001 2.63725
1873001 2.6467
1874001 2.63678
1875001 2.65326
1876001 2.65485
1877001 2.66022
1878001 2.67757
1879001 2.66425
1880001 2.68806
1881001 2.67351
1882001 2.68246
1883001 2.6701
1884001 2.67414
1885001 2.6709
1886001 2.64505
1887001 2.65168
1888001 2.6375
1889001 2.64512
1890001 2.64567
1891001 2.63863
1892001 2.63574
1893001 2.62447
1894001 2.61207
1895001 2.60782
1896001 2.60185
1897001 2.59547
1898001 2.58452
1899001 2.58603
1900001 2.57438
1901001 2.56606
1902001 2.56098
1903001 2.54886
1904001 2.5337
1905001 2.52792
1906001 2.5093
1907001 2.5048
1908001 2.49853
1909001 2.4878
1910001 2.49346
1911001 2.48324
1912001 2.47469
1913001 2.47281
1914001 2.46753
1915001 2.45854
1916001 2.47021
1917001 2.49187
1918001 2.46965
1919001 2.47917
1920001 2.48375
1921001 2.48269
1922001 2.48008
1923001 2.46992
1924001 2.47916
1925001 2.46536
1926001 2.47302
1927001 2.48047
1928001 2.46839
1929001 2.4732
1930001 2.47035
1931001 2.483
1932001 2.45754
1933001 2.47604
1934001 2.46248
1935001 2.46094
1936001 2.4645
1937001 2.46262
1938001 2.45079
1939001 2.43088
1940001 2.42037
1941001 2.39417
1942001 2.37511
1943001 2.35809
1944001 2.32903
1945001 2.30963
1946001 2.29552
1947001 2.29348
1948001 2.274
1949001 2.26983
1950001 2.26366
1951001 2.26341
1952001 2.26942
1953001 2.27387
1954001 2.27507
1955001 2.27467
1956001 2.2792
1957001 2.29268
1958001 2.31677
1959001 2.30864
1960001 2.33476
1961001 2.34383
1962001 2.35124
1963001 2.3605
1964001 2.36818
1965001 2.37355
1966001 2.36871
1967001 2.37336
1968001 2.38475
1969001 2.36461
1970001 2.3787
1971001 2.37152
1972001 2.38056
1973001 2.38094
1974001 2.38954
1975001 2.38864
1976001 2.38953
1977001 2.41651
1978001 2.40179
1979001 2.41786
1980001 2.40858
1981001 2.41919
1982001 2.40054
1983001 2.41695
1984001 2.40288
1985001 2.38866
1986001 2.38151
1987001 2.37446
1988001 2.35116
1989001 2.35088
1990001 2.35233
1991001 2.35326
1992001 2.35153
1993001 2.36103
1994001 2.36532
1995001 2.35995
1996001 2.35157
1997001 2.36223
1998001 2.35743
1999001 2.34538
