1 81.9775
1001 63.5487
2001 56.9402
3001 52.1883
4001 48.5526
5001 45.514
6001 43.028
7001 40.9735
8001 39.0643
9001 37.3722
10001 35.973
11001 34.6913
12001 33.5275
13001 32.4645
14001 31.4822
15001 30.5825
16001 29.7752
17001 28.9819
18001 28.2541
19001 27.5778
20001 26.9364
21001 26.371
22001 25.7907
23001 25.241
24001 24.7171
25001 24.2301
26001 23.7602
27001 23.3239
28001 22.8757
29001 22.441
30001 22.0414
31001 21.6486
32001 21.2922
33001 20.9146
34001 20.5813
35001 20.2407
36001 19.9133
37001 19.6072
38001 19.3064
39001 19.0061
40001 18.7274
41001 18.4463
42001 18.1761
43001 17.9199
44001 17.649
45001 17.4046
46001 17.1664
47001 16.9262
48001 16.7032
49001 16.4858
50001 16.2692
51001 16.0575
52001 15.8625
53001 15.6723
54001 15.4824
55001 15.2921
56001 15.1144
57001 14.9305
58001 14.7542
59001 14.5821
60001 14.422
61001 14.2614
62001 14.1049
63001 13.9605
64001 13.8047
65001 13.6569
66001 13.5074
67001 13.3737
68001 13.2305
69001 13.0967
70001 12.9711
71001 12.8451
72001 12.7109
73001 12.5768
74001 12.4422
75001 12.321
76001 12.2008
77001 12.0773
78001 11.9632
79001 11.8493
80001 11.7377
81001 11.6337
82001 11.5298
83001 11.431
84001 11.3346
85001 11.2307
86001 11.133
87001 11.0383
88001 10.9522
89001 10.8637
90001 10.7739
91001 10.6864
92001 10.5955
93001 10.5087
94001 10.4213
95001 10.3322
96001 10.2555
97001 10.1721
98001 10.1
99001 10.0206
100001 9.94839
101001 9.87075
102001 9.79652
103001 9.72559
104001 9.65415
105001 9.58349
106001 9.51275
107001 9.44815
108001 9.38214
109001 9.32079
110001 9.26038
111001 9.19817
112001 9.13486
113001 9.07273
114001 9.01111
115001 8.95429
116001 8.90017
117001 8.84595
118001 8.79254
119001 8.74273
120001 8.68923
121001 8.63797
122001 8.58053
123001 8.53056
124001 8.48344
125001 8.43603
126001 8.3888
127001 8.34086
128001 8.29596
129001 8.25125
130001 8.20721
131001 8.16456
132001 8.12276
133001 8.08261
134001 8.04134
135001 8.00212
136001 7.96248
137001 7.92181
138001 7.87986
139001 7.83995
140001 7.79749
141001 7.7617
142001 7.72243
143001 7.68346
144001 7.64887
145001 7.61463
146001 7.581
147001 7.54286
148001 7.50949
149001 7.47534
150001 7.44387
151001 7.41338
152001 7.38315
153001 7.35032
154001 7.32041
155001 7.2897
156001 7.25802
157001 7.22575
158001 7.19521
159001 7.16878
160001 7.14223
161001 7.11328
162001 7.0823
163001 7.0509
164001 7.02413
165001 6.99551
166001 6.9662
167001 6.94075
168001 6.91437
169001 6.88721
170001 6.86033
171001 6.83644
172001 6.80986
173001 6.78652
174001 6.76217
175001 6.74002
176001 6.71747
177001 6.69552
178001 6.6721
179001 6.65008
180001 6.62926
181001 6.6077
182001 6.58634
183001 6.56419
184001 6.54576
185001 6.52448
186001 6.50315
187001 6.48373
188001 6.46594
189001 6.44779
190001 6.42809
191001 6.41169
192001 6.39477
193001 6.3786
194001 6.3596
195001 6.34095
196001 6.32258
197001 6.30653
198001 6.28889
199001 6.27308
200001 6.25588
201001 6.23941
202001 6.2253
203001 6.20844
204001 6.1942
205001 6.18057
206001 6.16188
207001 6.14616
208001 6.13043
209001 6.11567
210001 6.10243
211001 6.08711
212001 6.07168
213001 6.05778
214001 6.04233
215001 6.03182
216001 6.01681
217001 6.00161
218001 5.98969
219001 5.97586
220001 5.96198
221001 5.94852
222001 5.93742
223001 5.92693
224001 5.91332
225001 5.90294
226001 5.89065
227001 5.87841
228001 5.86557
229001 5.85591
230001 5.84696
231001 5.83574
232001 5.82518
233001 5.81298
234001 5.80172
235001 5.79361
236001 5.78512
237001 5.77911
238001 5.76629
239001 5.75501
240001 5.74247
241001 5.73228
242001 5.72294
243001 5.71342
244001 5.70526
245001 5.69723
246001 5.69048
247001 5.68129
248001 5.67235
249001 5.66051
250001 5.65123
251001 5.6424
252001 5.63078
253001 5.62562
254001 5.61732
255001 5.60823
256001 5.60123
257001 5.59473
258001 5.58523
259001 5.57652
260001 5.56856
261001 5.56051
262001 5.55225
263001 5.54534
264001 5.53862
265001 5.53034
266001 5.52223
267001 5.51575
268001 5.50765
269001 5.50096
270001 5.49401
271001 5.48586
272001 5.48056
273001 5.47409
274001 5.46781
275001 5.46133
276001 5.45467
277001 5.44754
278001 5.44223
279001 5.4379
280001 5.42944
281001 5.42433
282001 5.41876
283001 5.41203
284001 5.40357
285001 5.39909
286001 5.39501
287001 5.39028
288001 5.38409
289001 5.37956
290001 5.37386
291001 5.36801
292001 5.36176
293001 5.35722
294001 5.35119
295001 5.3451
296001 5.33942
297001 5.33465
298001 5.32927
299001 5.32343
300001 5.31734
301001 5.31064
302001 5.30703
303001 5.29913
304001 5.29472
305001 5.29033
306001 5.2888
307001 5.28506
308001 5.27981
309001 5.27521
310001 5.2703
311001 5.26411
312001 5.25807
313001 5.2595
314001 5.25528
315001 5.25094
316001 5.24637
317001 5.24192
318001 5.23867
319001 5.23514
320001 5.23126
321001 5.22726
322001 5.2221
323001 5.21862
324001 5.21602
325001 5.21046
326001 5.20832
327001 5.20683
328001 5.20182
329001 5.20253
330001 5.19996
331001 5.19628
332001 5.19149
333001 5.18662
334001 5.18708
335001 5.18305
336001 5.18001
337001 5.17977
338001 5.17645
339001 5.17302
340001 5.17175
341001 5.16899
342001 5.16312
343001 5.15981
344001 5.15702
345001 5.15267
346001 5.1489
347001 5.14536
348001 5.14177
349001 5.13675
350001 5.13297
351001 5.1292
352001 5.12806
353001 5.12491
354001 5.123
355001 5.11999
356001 5.11533
357001 5.11028
358001 5.11094
359001 5.10723
360001 5.10254
361001 5.10198
362001 5.10199
363001 5.09806
364001 5.09939
365001 5.09687
366001 5.09282
367001 5.09009
368001 5.08862
369001 5.08521
370001 5.08168
371001 5.08071
372001 5.07622
373001 5.07474
374001 5.07123
375001 5.06678
376001 5.06449
377001 5.06345
378001 5.0617
379001 5.06053
380001 5.05947
381001 5.05517
382001 5.0515
383001 5.04982
384001 5.04897
385001 5.04472
386001 5.04284
387001 5.04106
388001 5.04296
389001 5.04128
390001 5.03921
391001 5.03761
392001 5.03821
393001 5.03401
394001 5.03123
395001 5.03161
396001 5.02898
397001 5.02808
398001 5.02866
399001 5.02531
400001 5.02169
401001 5.02098
402001 5.01563
403001 5.01383
404001 5.01568
405001 5.01713
406001 5.01448
407001 5.01453
408001 5.01397
409001 5.01317
410001 5.01081
411001 5.00941
412001 5.00737
413001 5.00743
414001 5.00385
415001 5.00356
416001 5.0039
417001 5.00241
418001 5.00089
419001 4.99986
420001 4.99833
421001 4.9983
422001 4.99633
423001 4.99395
424001 4.9915
425001 4.98988
426001 4.9905
427001 4.99
428001 4.98819
429001 4.98657
430001 4.98361
431001 4.98213
432001 4.98085
433001 4.97962
434001 4.97924
435001 4.9759
436001 4.97601
437001 4.97522
438001 4.97529
439001 4.97265
440001 4.97177
441001 4.96962
442001 4.97022
443001 4.96957
444001 4.96808
445001 4.96655
446001 4.96662
447001 4.97235
448001 4.97276
449001 4.97304
450001 4.97283
451001 4.97099
452001 4.96818
453001 4.96553
454001 4.96419
455001 4.96422
456001 4.96153
457001 4.96087
458001 4.95937
459001 4.95723
460001 4.95615
461001 4.95553
462001 4.95318
463001 4.953
464001 4.95546
465001 4.95607
466001 4.95521
467001 4.95264
468001 4.95275
469001 4.95502
470001 4.95435
471001 4.95217
472001 4.95323
473001 4.95351
474001 4.95236
475001 4.95093
476001 4.95005
477001 4.94943
478001 4.94983
479001 4.94859
480001 4.94596
481001 4.94494
482001 4.94535
483001 4.94543
484001 4.94451
485001 4.94463
486001 4.9428
487001 4.94047
488001 4.94002
489001 4.93831
490001 4.93837
491001 4.93888
492001 4.93782
493001 4.93799
494001 4.93616
495001 4.93694
496001 4.93748
497001 4.93908
498001 4.94042
499001 4.93998
500001 4.93849
501001 4.93774
502001 4.93594
503001 4.93348
504001 4.9321
505001 4.93318
506001 4.93314
507001 4.93061
508001 4.93268
509001 4.9311
510001 4.93164
511001 4.93072
512001 4.931
513001 4.93071
514001 4.93236
515001 4.92904
516001 4.92611
517001 4.92977
518001 4.92719
519001 4.9297
520001 4.93248
521001 4.9354
522001 4.9356
523001 4.93601
524001 4.93314
525001 4.93126
526001 4.93087
527001 4.93246
528001 4.9326
529001 4.93133
530001 4.93056
531001 4.9297
532001 4.93023
533001 4.93015
534001 4.93029
535001 4.92849
536001 4.927
537001 4.92553
538001 4.92666
539001 4.92708
540001 4.92736
541001 4.92718
542001 4.92597
543001 4.92323
544001 4.92417
545001 4.9243
546001 4.92637
547001 4.92585
548001 4.92567
549001 4.92546
550001 4.92536
551001 4.92573
552001 4.92468
553001 4.92488
554001 4.92209
555001 4.92317
556001 4.92488
557001 4.92437
558001 4.92489
559001 4.92534
560001 4.92444
561001 4.93363
562001 4.93379
563001 4.93435
564001 4.93155
565001 4.9326
566001 4.92822
567001 4.92928
568001 4.92797
569001 4.9258
570001 4.92499
571001 4.92524
572001 4.92396
573001 4.92441
574001 4.92566
575001 4.92708
576001 4.92643
577001 4.92496
578001 4.92281
579001 4.92323
580001 4.92406
581001 4.92321
582001 4.9209
583001 4.91801
584001 4.91779
585001 4.91482
586001 4.91477
587001 4.91387
588001 4.91503
589001 4.91464
590001 4.91561
591001 4.9138
592001 4.91683
593001 4.91851
594001 4.91543
595001 4.91634
596001 4.91586
597001 4.91583
598001 4.91639
599001 4.9169
600001 4.91833
601001 4.91903
602001 4.92115
603001 4.9198
604001 4.91937
605001 4.91805
606001 4.91622
607001 4.91805
608001 4.91819
609001 4.92002
610001 4.92402
611001 4.92394
612001 4.92403
613001 4.92358
614001 4.92164
615001 4.92268
616001 4.9211
617001 4.92674
618001 4.92736
619001 4.92721
620001 4.9278
621001 4.92626
622001 4.92453
623001 4.92346
624001 4.92547
625001 4.92544
626001 4.92787
627001 4.92698
628001 4.92571
629001 4.92555
630001 4.9251
631001 4.92529
632001 4.92475
633001 4.92308
634001 4.92378
635001 4.92707
636001 4.92622
637001 4.92901
638001 4.9272
639001 4.92488
640001 4.92332
641001 4.92244
642001 4.92467
643001 4.9254
644001 4.92911
645001 4.92858
646001 4.93021
647001 4.92949
648001 4.93071
649001 4.92846
650001 4.92872
651001 4.92937
652001 4.9289
653001 4.93192
654001 4.93201
655001 4.93086
656001 4.92968
657001 4.92802
658001 4.92628
659001 4.92666
660001 4.92879
661001 4.92882
662001 4.9258
663001 4.92729
664001 4.92743
665001 4.92943
666001 4.93047
667001 4.93535
668001 4.93441
669001 4.932
670001 4.93141
671001 4.93281
672001 4.93358
673001 4.93313
674001 4.93551
675001 4.93514
676001 4.93507
677001 4.9366
678001 4.93571
679001 4.93674
680001 4.93592
681001 4.93579
682001 4.93395
683001 4.93643
684001 4.93696
685001 4.93691
686001 4.93417
687001 4.93303
688001 4.93581
689001 4.93549
690001 4.93616
691001 4.93655
692001 4.93145
693001 4.93353
694001 4.93324
695001 4.9358
696001 4.93798
697001 4.93771
698001 4.93727
699001 4.9371
700001 4.93433
701001 4.9334
702001 4.93098
703001 4.93147
704001 4.93196
705001 4.93228
706001 4.93096
707001 4.93209
708001 4.93523
709001 4.9357
710001 4.93565
711001 4.93541
712001 4.93727
713001 4.93736
714001 4.93631
715001 4.9368
716001 4.93838
717001 4.94101
718001 4.94057
719001 4.93934
720001 4.93912
721001 4.93843
722001 4.93878
723001 4.93774
724001 4.93667
725001 4.93563
726001 4.93774
727001 4.93646
728001 4.9386
729001 4.93784
730001 4.93917
731001 4.94038
732001 4.93773
733001 4.93779
734001 4.93633
735001 4.93514
736001 4.9364
737001 4.93639
738001 4.933
739001 4.93412
740001 4.9348
741001 4.93425
742001 4.93178
743001 4.93207
744001 4.93287
745001 4.9327
746001 4.93553
747001 4.94539
748001 4.9449
749001 4.94382
750001 4.94254
751001 4.94395
752001 4.94296
753001 4.94379
754001 4.94333
755001 4.94185
756001 4.94201
757001 4.94049
758001 4.94257
759001 4.94338
760001 4.9464
761001 4.94666
762001 4.94506
763001 4.94992
764001 4.94965
765001 4.95121
766001 4.95003
767001 4.94851
768001 4.94971
769001 4.94709
770001 4.94552
771001 4.9445
772001 4.94334
773001 4.94835
774001 4.94688
775001 4.94775
776001 4.94887
777001 4.94933
778001 4.95066
779001 4.94948
780001 4.95014
781001 4.94904
782001 4.94822
783001 4.94962
784001 4.94728
785001 4.94976
786001 4.95032
787001 4.94896
788001 4.9489
789001 4.9483
790001 4.95001
791001 4.95157
792001 4.95049
793001 4.95145
794001 4.95183
795001 4.95074
796001 4.95162
797001 4.95241
798001 4.95292
799001 4.95091
800001 4.94961
801001 4.94841
802001 4.95017
803001 4.94997
804001 4.95099
805001 4.95199
806001 4.95075
807001 4.95254
808001 4.95279
809001 4.95264
810001 4.95067
811001 4.94982
812001 4.94942
813001 4.95023
814001 4.95224
815001 4.95046
816001 4.95546
817001 4.95298
818001 4.95482
819001 4.95189
820001 4.95319
821001 4.9549
822001 4.95802
823001 4.95713
824001 4.95859
825001 4.95907
826001 4.95855
827001 4.96144
828001 4.96098
829001 4.96234
830001 4.96174
831001 4.96105
832001 4.96098
833001 4.9598
834001 4.96334
835001 4.96502
836001 4.96443
837001 4.96484
838001 4.96549
839001 4.96668
840001 4.965
841001 4.96436
842001 4.96564
843001 4.96448
844001 4.96377
845001 4.96309
846001 4.96309
847001 4.9654
848001 4.9649
849001 4.96603
850001 4.96651
851001 4.96664
852001 4.96512
853001 4.96403
854001 4.9633
855001 4.96278
856001 4.96244
857001 4.96429
858001 4.96626
859001 4.96896
860001 4.97092
861001 4.97054
862001 4.96964
863001 4.9683
864001 4.96818
865001 4.96662
866001 4.96617
867001 4.96587
868001 4.96635
869001 4.96875
870001 4.96792
871001 4.96978
872001 4.96898
873001 4.96883
874001 4.9714
875001 4.97122
876001 4.97255
877001 4.97556
878001 4.97096
879001 4.97272
880001 4.9744
881001 4.97612
882001 4.97931
883001 4.97916
884001 4.98256
885001 4.98321
886001 4.98297
887001 4.984
888001 4.98835
889001 4.98694
890001 4.98707
891001 4.9877
892001 4.98868
893001 4.98681
894001 4.98736
895001 4.98553
896001 4.98555
897001 4.98504
898001 4.98479
899001 4.98847
900001 4.98738
901001 4.98891
902001 4.99033
903001 4.99225
904001 4.99325
905001 4.9914
906001 4.99006
907001 4.99207
908001 4.99135
909001 4.98923
910001 4.98867
911001 4.98997
912001 4.98993
913001 4.98812
914001 4.98844
915001 4.98665
916001 4.98744
917001 4.98899
918001 4.98617
919001 4.98558
920001 4.9847
921001 4.98444
922001 4.98524
923001 4.98675
924001 4.98746
925001 4.99093
926001 4.9897
927001 4.99051
928001 4.99283
929001 4.99166
930001 4.99084
931001 4.99289
932001 4.99351
933001 4.99494
934001 4.99552
935001 4.99783
936001 4.99271
937001 4.99316
938001 4.99498
939001 4.99589
940001 4.99602
941001 4.9968
942001 4.99469
943001 4.9967
944001 4.99653
945001 5.00009
946001 5.00156
947001 5.00037
948001 5.00144
949001 4.99809
950001 4.9979
951001 4.99657
952001 4.99674
953001 4.99596
954001 4.99702
955001 4.99476
956001 4.9954
957001 4.99661
958001 4.99566
959001 4.99193
960001 4.9901
961001 4.99162
962001 4.99103
963001 4.99143
964001 4.99054
965001 4.99247
966001 4.99349
967001 4.99267
968001 4.99593
969001 4.9984
970001 4.99933
971001 4.99851
972001 5.00061
973001 5.00373
974001 5.00582
975001 5.00584
976001 5.00426
977001 5.00523
978001 5.00233
979001 5.00131
980001 5.00121
981001 5.00056
982001 4.99936
983001 4.99852
984001 4.99717
985001 4.99955
986001 4.99991
987001 5.00149
988001 5.00253
989001 5.0016
990001 4.99903
991001 5.00159
992001 5.00262
993001 5.00194
994001 5.00144
995001 5.00139
996001 5.00444
997001 5.00562
998001 5.00359
999001 5.00691
1000001 5.00787
1001001 5.00739
1002001 5.00619
1003001 5.00609
1004001 5.00753
1005001 5.0131
1006001 5.01192
1007001 5.01181
1008001 5.01103
1009001 5.01014
1010001 5.01231
1011001 5.01288
1012001 5.0143
1013001 5.0138
1014001 5.01178
1015001 5.01312
1016001 5.01282
1017001 5.01236
1018001 5.01251
1019001 5.01183
1020001 5.00811
1021001 5.00822
1022001 5.01
1023001 5.00926
1024001 5.00946
1025001 5.01121
1026001 5.01288
1027001 5.01175
1028001 5.01096
1029001 5.01034
1030001 5.01033
1031001 5.0126
1032001 5.01342
1033001 5.01359
1034001 5.01154
1035001 5.01088
1036001 5.01617
1037001 5.01444
1038001 5.01589
1039001 5.01384
1040001 5.01522
1041001 5.01717
1042001 5.01483
1043001 5.01159
1044001 5.01162
1045001 5.01034
1046001 5.01056
1047001 5.01108
1048001 5.01594
1049001 5.01379
1050001 5.01278
1051001 5.01528
1052001 5.01441
1053001 5.01461
1054001 5.01472
1055001 5.01818
1056001 5.0183
1057001 5.01967
1058001 5.01899
1059001 5.01803
1060001 5.01856
1061001 5.02278
1062001 5.02159
1063001 5.02199
1064001 5.02289
1065001 5.02429
1066001 5.02277
1067001 5.0209
1068001 5.02075
1069001 5.0216
1070001 5.02229
1071001 5.02355
1072001 5.02558
1073001 5.02661
1074001 5.02412
1075001 5.0243
1076001 5.02291
1077001 5.0237
1078001 5.0224
1079001 5.02217
1080001 5.02588
1081001 5.02416
1082001 5.0229
1083001 5.02266
1084001 5.02238
1085001 5.02353
1086001 5.0259
1087001 5.02314
1088001 5.02189
1089001 5.02215
1090001 5.02316
1091001 5.02487
1092001 5.02661
1093001 5.02548
1094001 5.02698
1095001 5.02631
1096001 5.02772
1097001 5.02579
1098001 5.02606
1099001 5.02476
1100001 5.02505
1101001 5.02484
1102001 5.02323
1103001 5.02268
1104001 5.02387
1105001 5.02253
1106001 5.0235
1107001 5.02517
1108001 5.02663
1109001 5.02672
1110001 5.02556
1111001 5.02712
1112001 5.02717
1113001 5.02816
1114001 5.03086
1115001 5.03148
1116001 5.03015
1117001 5.02985
1118001 5.03327
1119001 5.03259
1120001 5.02989
1121001 5.03049
1122001 5.03005
1123001 5.02922
1124001 5.03007
1125001 5.02908
1126001 5.031
1127001 5.02864
1128001 5.02924
1129001 5.02837
1130001 5.02605
1131001 5.02829
1132001 5.02508
1133001 5.02521
1134001 5.02576
1135001 5.02547
1136001 5.02609
1137001 5.02824
1138001 5.02801
1139001 5.02927
1140001 5.03117
1141001 5.03304
1142001 5.03489
1143001 5.0334
1144001 5.03629
1145001 5.03853
1146001 5.0384
1147001 5.03986
1148001 5.0394
1149001 5.04048
1150001 5.0414
1151001 5.03896
1152001 5.03677
1153001 5.03766
1154001 5.03782
1155001 5.03682
1156001 5.03578
1157001 5.03472
1158001 5.03505
1159001 5.03549
1160001 5.03545
1161001 5.03506
1162001 5.03688
1163001 5.03587
1164001 5.03504
1165001 5.03284
1166001 5.03462
1167001 5.03629
1168001 5.03598
1169001 5.03568
1170001 5.03968
1171001 5.03973
1172001 5.04029
1173001 5.04122
1174001 5.04249
1175001 5.04096
1176001 5.04121
1177001 5.0415
1178001 5.04259
1179001 5.04532
1180001 5.04427
1181001 5.04581
1182001 5.04639
1183001 5.04728
1184001 5.04939
1185001 5.04816
1186001 5.04756
1187001 5.04964
1188001 5.05013
1189001 5.0487
1190001 5.04989
1191001 5.04923
1192001 5.04901
1193001 5.04938
1194001 5.04815
1195001 5.0477
1196001 5.04888
1197001 5.04928
1198001 5.04943
1199001 5.04843
1200001 5.04971
1201001 5.05001
1202001 5.05253
1203001 5.05498
1204001 5.05557
1205001 5.05439
1206001 5.05514
1207001 5.05574
1208001 5.05401
1209001 5.05498
1210001 5.05595
1211001 5.05508
1212001 5.05569
1213001 5.05729
1214001 5.05817
1215001 5.05781
1216001 5.05519
1217001 5.0542
1218001 5.05306
1219001 5.05333
1220001 5.05695
1221001 5.06001
1222001 5.05896
1223001 5.05663
1224001 5.05634
1225001 5.0585
1226001 5.05878
1227001 5.05792
1228001 5.05712
1229001 5.05679
1230001 5.05622
1231001 5.05813
1232001 5.05456
1233001 5.05561
1234001 5.05886
1235001 5.05902
1236001 5.05721
1237001 5.05709
1238001 5.05549
1239001 5.05469
1240001 5.05271
1241001 5.05413
1242001 5.05626
1243001 5.0566
1244001 5.05757
1245001 5.0583
1246001 5.05553
1247001 5.05684
1248001 5.05657
1249001 5.05867
1250001 5.06161
1251001 5.06179
1252001 5.06119
1253001 5.06038
1254001 5.06172
1255001 5.06351
1256001 5.0664
1257001 5.06491
1258001 5.06537
1259001 5.06375
1260001 5.06554
1261001 5.06426
1262001 5.06451
1263001 5.0623
1264001 5.06295
1265001 5.0643
1266001 5.06389
1267001 5.06179
1268001 5.06319
1269001 5.06446
1270001 5.06349
1271001 5.06093
1272001 5.05998
1273001 5.05898
1274001 5.05699
1275001 5.0562
1276001 5.05704
1277001 5.0582
1278001 5.05887
1279001 5.05872
1280001 5.0604
1281001 5.06172
1282001 5.06225
1283001 5.06286
1284001 5.06536
1285001 5.06287
1286001 5.06218
1287001 5.06147
1288001 5.0643
1289001 5.06275
1290001 5.06403
1291001 5.06227
1292001 5.06409
1293001 5.06485
1294001 5.06498
1295001 5.06353
1296001 5.06625
1297001 5.07702
1298001 5.07716
1299001 5.07853
1300001 5.07829
1301001 5.07898
1302001 5.0783
1303001 5.07746
1304001 5.07785
1305001 5.0771
1306001 5.07709
1307001 5.07517
1308001 5.07478
1309001 5.07276
1310001 5.07406
1311001 5.07549
1312001 5.07411
1313001 5.07594
1314001 5.07308
1315001 5.07271
1316001 5.07335
1317001 5.07157
1318001 5.07044
1319001 5.06922
1320001 5.06973
1321001 5.06864
1322001 5.06992
1323001 5.0699
1324001 5.07119
1325001 5.06816
1326001 5.06789
1327001 5.06778
1328001 5.06888
1329001 5.07033
1330001 5.07031
1331001 5.07069
1332001 5.06915
1333001 5.06898
1334001 5.07273
1335001 5.07218
1336001 5.07622
1337001 5.07461
1338001 5.07612
1339001 5.07522
1340001 5.07327
1341001 5.07413
1342001 5.07422
1343001 5.07694
1344001 5.07735
1345001 5.07914
1346001 5.079
1347001 5.07768
1348001 5.07982
1349001 5.07787
1350001 5.08136
1351001 5.07929
1352001 5.07819
1353001 5.07952
1354001 5.07781
1355001 5.07844
1356001 5.077
1357001 5.07718
1358001 5.0761
1359001 5.07476
1360001 5.07464
1361001 5.07222
1362001 5.07287
1363001 5.07138
1364001 5.07164
1365001 5.07296
1366001 5.07289
1367001 5.07511
1368001 5.07525
1369001 5.07482
1370001 5.07323
1371001 5.0734
1372001 5.07198
1373001 5.07099
1374001 5.07151
1375001 5.07223
1376001 5.07198
1377001 5.07349
1378001 5.0728
1379001 5.07434
1380001 5.07546
1381001 5.07668
1382001 5.07685
1383001 5.07635
1384001 5.07796
1385001 5.07826
1386001 5.07971
1387001 5.08239
1388001 5.08197
1389001 5.07881
1390001 5.07949
1391001 5.07743
1392001 5.07688
1393001 5.0751
1394001 5.0752
1395001 5.07583
1396001 5.0745
1397001 5.07355
1398001 5.0744
1399001 5.07446
1400001 5.07571
1401001 5.07658
1402001 5.07854
1403001 5.07854
1404001 5.07926
1405001 5.08271
1406001 5.08079
1407001 5.08071
1408001 5.08144
1409001 5.08337
1410001 5.08511
1411001 5.08489
1412001 5.08513
1413001 5.08385
1414001 5.08295
1415001 5.08341
1416001 5.08493
1417001 5.08566
1418001 5.0859
1419001 5.08795
1420001 5.08592
1421001 5.08743
1422001 5.08599
1423001 5.0848
1424001 5.08343
1425001 5.08468
1426001 5.08324
1427001 5.08385
1428001 5.08556
1429001 5.0839
1430001 5.08445
1431001 5.08566
1432001 5.08611
1433001 5.08625
1434001 5.08892
1435001 5.08912
1436001 5.08868
1437001 5.08894
1438001 5.09016
1439001 5.09309
1440001 5.09213
1441001 5.09161
1442001 5.09394
1443001 5.09385
1444001 5.09486
1445001 5.09408
1446001 5.09127
1447001 5.10586
1448001 5.10494
1449001 5.10264
1450001 5.10086
1451001 5.10503
1452001 5.10307
1453001 5.10151
1454001 5.10139
1455001 5.10112
1456001 5.09859
1457001 5.09727
1458001 5.09765
1459001 5.09886
1460001 5.09871
1461001 5.09929
1462001 5.09962
1463001 5.09786
1464001 5.09938
1465001 5.10024
1466001 5.0985
1467001 5.09548
1468001 5.09614
1469001 5.09692
1470001 5.09673
1471001 5.09845
1472001 5.10085
1473001 5.1
1474001 5.10013
1475001 5.09908
1476001 5.09882
1477001 5.09913
1478001 5.10103
1479001 5.09937
1480001 5.09985
1481001 5.10251
1482001 5.09908
1483001 5.09862
1484001 5.09644
1485001 5.09864
1486001 5.09993
1487001 5.09925
1488001 5.10081
1489001 5.09933
1490001 5.09886
1491001 5.09799
1492001 5.09903
1493001 5.10066
1494001 5.10001
1495001 5.10048
1496001 5.09902
1497001 5.09903
1498001 5.10103
1499001 5.10218
1500001 5.10019
1501001 5.10158
1502001 5.10248
1503001 5.10213
1504001 5.10126
1505001 5.09924
1506001 5.09865
1507001 5.09823
1508001 5.10103
1509001 5.10158
1510001 5.0979
1511001 5.09745
1512001 5.096
1513001 5.09902
1514001 5.10005
1515001 5.10017
1516001 5.10009
1517001 5.10577
1518001 5.10633
1519001 5.10702
1520001 5.10681
1521001 5.10624
1522001 5.10311
1523001 5.104
1524001 5.10386
1525001 5.10234
1526001 5.10122
1527001 5.10271
1528001 5.1027
1529001 5.10276
1530001 5.10383
1531001 5.10553
1532001 5.10756
1533001 5.10718
1534001 5.10716
1535001 5.10826
1536001 5.10654
1537001 5.10569
1538001 5.1095
1539001 5.10642
1540001 5.10634
1541001 5.10395
1542001 5.1035
1543001 5.1061
1544001 5.1041
1545001 5.10359
1546001 5.10338
1547001 5.10103
1548001 5.1009
1549001 5.10241
1550001 5.1023
1551001 5.10307
1552001 5.10018
1553001 5.1018
1554001 5.10262
1555001 5.10177
1556001 5.1027
1557001 5.10239
1558001 5.10038
1559001 5.0988
1560001 5.09846
1561001 5.09755
1562001 5.097
1563001 5.09896
1564001 5.09724
1565001 5.09749
1566001 5.09712
1567001 5.09682
1568001 5.0951
1569001 5.09379
1570001 5.09392
1571001 5.096
1572001 5.09878
1573001 5.09956
1574001 5.09986
1575001 5.09805
1576001 5.09488
1577001 5.09807
1578001 5.09782
1579001 5.09655
1580001 5.09722
1581001 5.10065
1582001 5.10231
1583001 5.10269
1584001 5.10298
1585001 5.10258
1586001 5.10315
1587001 5.10417
1588001 5.1052
1589001 5.10576
1590001 5.10406
1591001 5.10357
1592001 5.10601
1593001 5.10344
1594001 5.10382
1595001 5.10324
1596001 5.10539
1597001 5.10525
1598001 5.10307
1599001 5.10418
1600001 5.10383
1601001 5.10543
1602001 5.10865
1603001 5.10946
1604001 5.10545
1605001 5.10503
1606001 5.10435
1607001 5.10425
1608001 5.10311
1609001 5.10506
1610001 5.10527
1611001 5.10467
1612001 5.10987
1613001 5.1094
1614001 5.1131
1615001 5.11241
1616001 5.1121
1617001 5.11248
1618001 5.11189
1619001 5.11159
1620001 5.11288
1621001 5.1141
1622001 5.11452
1623001 5.11114
1624001 5.11242
1625001 5.1119
1626001 5.11268
1627001 5.11329
1628001 5.1162
1629001 5.11587
1630001 5.11619
1631001 5.11494
1632001 5.11238
1633001 5.11163
1634001 5.11456
1635001 5.1149
1636001 5.11284
1637001 5.10997
1638001 5.11232
1639001 5.11058
1640001 5.11307
1641001 5.11202
1642001 5.1091
1643001 5.1087
1644001 5.10815
1645001 5.11026
1646001 5.10883
1647001 5.10785
1648001 5.10832
1649001 5.11217
1650001 5.11151
1651001 5.1139
1652001 5.11133
1653001 5.11117
1654001 5.10992
1655001 5.10807
1656001 5.10686
1657001 5.10629
1658001 5.10883
1659001 5.10924
1660001 5.10942
1661001 5.10793
1662001 5.1107
1663001 5.11169
1664001 5.11064
1665001 5.11424
1666001 5.11437
1667001 5.1117
1668001 5.11073
1669001 5.10966
1670001 5.10803
1671001 5.10996
1672001 5.11005
1673001 5.11312
1674001 5.1118
1675001 5.11192
1676001 5.1119
1677001 5.11204
1678001 5.11214
1679001 5.11257
1680001 5.10854
1681001 5.11246
1682001 5.11115
1683001 5.1112
1684001 5.10927
1685001 5.11103
1686001 5.11268
1687001 5.11161
1688001 5.11016
1689001 5.11031
1690001 5.11184
1691001 5.11204
1692001 5.11184
1693001 5.11281
1694001 5.11367
1695001 5.11567
1696001 5.11493
1697001 5.11358
1698001 5.11614
1699001 5.11486
1700001 5.11549
1701001 5.11734
1702001 5.11436
1703001 5.1168
1704001 5.11695
1705001 5.11522
1706001 5.11483
1707001 5.11278
1708001 5.1119
1709001 5.11395
1710001 5.1135
1711001 5.11171
1712001 5.11184
1713001 5.1143
1714001 5.11405
1715001 5.11372
1716001 5.11228
1717001 5.11325
1718001 5.1171
1719001 5.11763
1720001 5.11599
1721001 5.11711
1722001 5.11765
1723001 5.11685
1724001 5.11899
1725001 5.11733
1726001 5.11647
1727001 5.11494
1728001 5.11537
1729001 5.1139
1730001 5.11186
1731001 5.11246
1732001 5.11223
1733001 5.11342
1734001 5.11348
1735001 5.1131
1736001 5.11155
1737001 5.11327
1738001 5.11538
1739001 5.1162
1740001 5.11624
1741001 5.11637
1742001 5.11394
1743001 5.11104
1744001 5.11059
1745001 5.11274
1746001 5.11101
1747001 5.11199
1748001 5.1136
1749001 5.11446
1750001 5.11575
1751001 5.11579
1752001 5.11543
1753001 5.11458
1754001 5.11486
1755001 5.11494
1756001 5.1156
1757001 5.11678
1758001 5.11807
1759001 5.11646
1760001 5.11687
1761001 5.11949
1762001 5.12069
1763001 5.12015
1764001 5.11712
1765001 5.11833
1766001 5.11856
1767001 5.1198
1768001 5.11999
1769001 5.12071
1770001 5.12048
1771001 5.11972
1772001 5.12269
1773001 5.12356
1774001 5.1255
1775001 5.12423
1776001 5.12266
1777001 5.12415
1778001 5.12451
1779001 5.12463
1780001 5.12567
1781001 5.12611
1782001 5.12824
1783001 5.12597
1784001 5.12462
1785001 5.12623
1786001 5.12575
1787001 5.12411
1788001 5.12672
1789001 5.12632
1790001 5.12613
1791001 5.12592
1792001 5.12428
1793001 5.12265
1794001 5.12162
1795001 5.12111
1796001 5.12283
1797001 5.12363
1798001 5.12283
1799001 5.12529
1800001 5.12566
1801001 5.12421
1802001 5.12547
1803001 5.12544
1804001 5.1272
1805001 5.12633
1806001 5.1258
1807001 5.12638
1808001 5.12492
1809001 5.12622
1810001 5.12642
1811001 5.12689
1812001 5.12423
1813001 5.12266
1814001 5.12293
1815001 5.12292
1816001 5.12261
1817001 5.12246
1818001 5.12162
1819001 5.12385
1820001 5.1254
1821001 5.12554
1822001 5.1253
1823001 5.12429
1824001 5.12309
1825001 5.1212
1826001 5.12155
1827001 5.12283
1828001 5.12257
1829001 5.12829
1830001 5.12875
1831001 5.12716
1832001 5.12587
1833001 5.12727
1834001 5.12727
1835001 5.12585
1836001 5.12428
1837001 5.1248
1838001 5.12368
1839001 5.12425
1840001 5.12312
1841001 5.12542
1842001 5.12483
1843001 5.12417
1844001 5.12288
1845001 5.12213
1846001 5.12184
1847001 5.11874
1848001 5.11754
1849001 5.11721
1850001 5.11714
1851001 5.11783
1852001 5.11846
1853001 5.1201
1854001 5.11903
1855001 5.11807
1856001 5.11905
1857001 5.11852
1858001 5.11863
1859001 5.11949
1860001 5.11781
1861001 5.11664
1862001 5.11822
1863001 5.12063
1864001 5.12014
1865001 5.12054
1866001 5.11977
1867001 5.12045
1868001 5.12041
1869001 5.119
1870001 5.11978
1871001 5.11944
1872001 5.11713
1873001 5.11903
1874001 5.12079
1875001 5.12099
1876001 5.12108
1877001 5.11988
1878001 5.12015
1879001 5.1205
1880001 5.12006
1881001 5.12249
1882001 5.12092
1883001 5.12221
1884001 5.12467
1885001 5.12328
1886001 5.12372
1887001 5.12302
1888001 5.12178
1889001 5.12161
1890001 5.12152
1891001 5.12448
1892001 5.12739
1893001 5.12883
1894001 5.12968
1895001 5.13131
1896001 5.13126
1897001 5.13186
1898001 5.13234
1899001 5.13059
1900001 5.13344
1901001 5.1343
1902001 5.13386
1903001 5.13357
1904001 5.13271
1905001 5.13551
1906001 5.13464
1907001 5.13336
1908001 5.1311
1909001 5.13271
1910001 5.13203
1911001 5.13023
1912001 5.13194
1913001 5.13364
1914001 5.13446
1915001 5.13646
1916001 5.13752
1917001 5.137
1918001 5.13765
1919001 5.1384
1920001 5.13763
1921001 5.13707
1922001 5.13589
1923001 5.1344
1924001 5.13816
1925001 5.13597
1926001 5.1358
1927001 5.13591
1928001 5.13484
1929001 5.13549
1930001 5.13601
1931001 5.13653
1932001 5.13501
1933001 5.13192
1934001 5.13272
1935001 5.13437
1936001 5.13402
1937001 5.13511
1938001 5.13368
1939001 5.13575
1940001 5.13448
1941001 5.13486
1942001 5.13646
1943001 5.13742
1944001 5.1367
1945001 5.13826
1946001 5.13862
1947001 5.13712
1948001 5.13564
1949001 5.1333
1950001 5.13531
1951001 5.13743
1952001 5.14186
1953001 5.14361
1954001 5.14144
1955001 5.13984
1956001 5.13963
1957001 5.13906
1958001 5.13964
1959001 5.14015
1960001 5.143
1961001 5.14152
1962001 5.14181
1963001 5.14164
1964001 5.14174
1965001 5.14084
1966001 5.14024
1967001 5.13999
1968001 5.14215
1969001 5.14244
1970001 5.14237
1971001 5.14239
1972001 5.14133
1973001 5.13981
1974001 5.14087
1975001 5.14208
1976001 5.14342
1977001 5.14064
1978001 5.14169
1979001 5.13932
1980001 5.1402
1981001 5.14068
1982001 5.14027
1983001 5.14178
1984001 5.14121
1985001 5.14167
1986001 5.14434
1987001 5.1426
1988001 5.1425
1989001 5.14034
1990001 5.13992
1991001 5.14025
1992001 5.13873
1993001 5.14027
1994001 5.1391
1995001 5.1374
1996001 5.13634
1997001 5.13546
1998001 5.13485
1999001 5.13482
