1 99.7955
1001 23.538
2001 18.2212
3001 15.0429
4001 13.0034
5001 11.5223
6001 10.3173
7001 9.34637
8001 8.51065
9001 7.83626
10001 7.30272
11001 6.84162
12001 6.41738
13001 6.09171
14001 5.77118
15001 5.47126
16001 5.21493
17001 4.99039
18001 4.77144
19001 4.59688
20001 4.42783
21001 4.26598
22001 4.14086
23001 3.98557
24001 3.85373
25001 3.7243
26001 3.61462
27001 3.51295
28001 3.42584
29001 3.32556
30001 3.2428
31001 3.15913
32001 3.07614
33001 2.99924
34001 2.94113
35001 2.87751
36001 2.81019
37001 2.75207
38001 2.69074
39001 2.62395
40001 2.57582
41001 2.5302
42001 2.49353
43001 2.44161
44001 2.39529
45001 2.35196
46001 2.31183
47001 2.26541
48001 2.22612
49001 2.18413
50001 2.15788
51001 2.11538
52001 2.08174
53001 2.05162
54001 2.02249
55001 1.99225
56001 1.964
57001 1.93398
58001 1.91106
59001 1.87689
60001 1.85402
61001 1.83375
62001 1.81017
63001 1.78644
64001 1.76261
65001 1.74108
66001 1.72398
67001 1.70416
68001 1.6831
69001 1.66094
70001 1.64855
71001 1.62778
72001 1.61098
73001 1.59134
74001 1.57255
75001 1.55726
76001 1.54023
77001 1.52059
78001 1.50944
79001 1.49532
80001 1.48198
81001 1.46422
82001 1.44975
83001 1.43589
84001 1.42612
85001 1.41322
86001 1.40132
87001 1.39142
88001 1.37886
89001 1.36571
90001 1.34984
91001 1.34659
92001 1.33112
93001 1.3217
94001 1.31191
95001 1.30277
96001 1.2913
97001 1.27873
98001 1.27412
99001 1.25922
100001 1.2532
101001 1.24554
102001 1.2376
103001 1.22985
104001 1.22241
105001 1.20724
106001 1.20408
107001 1.19517
108001 1.18822
109001 1.17953
110001 1.17623
111001 1.16903
112001 1.16332
113001 1.15464
114001 1.14967
115001 1.14195
116001 1.1363
117001 1.13166
118001 1.12301
119001 1.11828
120001 1.11318
121001 1.1097
122001 1.10595
123001 1.09897
124001 1.09453
125001 1.08533
126001 1.07893
127001 1.07125
128001 1.07092
129001 1.06637
130001 1.06465
131001 1.05972
132001 1.05488
133001 1.05071
134001 1.04991
135001 1.04873
136001 1.04381
137001 1.03657
138001 1.03273
139001 1.03156
140001 1.02221
141001 1.02381
142001 1.01964
143001 1.01218
144001 1.00508
145001 1.00683
146001 1.00464
147001 1.00307
148001 1.00101
149001 0.998965
150001 0.992854
151001 0.991031
152001 0.986539
153001 0.981151
154001 0.980874
155001 0.979503
156001 0.974816
157001 0.970443
158001 0.972013
159001 0.96778
160001 0.965756
161001 0.964585
162001 0.963256
163001 0.962476
164001 0.963029
165001 0.956394
166001 0.954445
167001 0.951329
168001 0.949584
169001 0.94698
170001 0.94576
171001 0.942386
172001 0.941114
173001 0.93917
174001 0.937
175001 0.940248
176001 0.934579
177001 0.932378
178001 0.930369
179001 0.92626
180001 0.926537
181001 0.922616
182001 0.926743
183001 0.920377
184001 0.92454
185001 0.920894
186001 0.920881
187001 0.915333
188001 0.915597
189001 0.914831
190001 0.913139
191001 0.91147
192001 0.91244
193001 0.9094
194001 0.910378
195001 0.905157
196001 0.902773
197001 0.905124
198001 0.903299
199001 0.903384
200001 0.900782
201001 0.900482
202001 0.901406
203001 0.895794
204001 0.895454
205001 0.896611
206001 0.890096
207001 0.889774
208001 0.88789
209001 0.88786
210001 0.888314
211001 0.886363
212001 0.882374
213001 0.884754
214001 0.882791
215001 0.886596
216001 0.885563
217001 0.881857
218001 0.881965
219001 0.881552
220001 0.877695
221001 0.878033
222001 0.879076
223001 0.880593
224001 0.878115
225001 0.876521
226001 0.877093
227001 0.875297
228001 0.86998
229001 0.873417
230001 0.873248
231001 0.871791
232001 0.871872
233001 0.868243
234001 0.868291
235001 0.871413
236001 0.86855
237001 0.871366
238001 0.865596
239001 0.867152
240001 0.865263
241001 0.863017
242001 0.863483
243001 0.861383
244001 0.863145
245001 0.864101
246001 0.864274
247001 0.861216
248001 0.86526
249001 0.860688
250001 0.857626
251001 0.85917
252001 0.85833
253001 0.859211
254001 0.861251
255001 0.85796
256001 0.858766
257001 0.858175
258001 0.856948
259001 0.855937
260001 0.854449
261001 0.852255
262001 0.852535
263001 0.852932
264001 0.853336
265001 0.847997
266001 0.848593
267001 0.851408
268001 0.85089
269001 0.852038
270001 0.849081
271001 0.850446
272001 0.849033
273001 0.848717
274001 0.851064
275001 0.850244
276001 0.849543
277001 0.848844
278001 0.845811
279001 0.847754
280001 0.844267
281001 0.849864
282001 0.847441
283001 0.84472
284001 0.843964
285001 0.844525
286001 0.84781
287001 0.8434
288001 0.844097
289001 0.847672
290001 0.846147
291001 0.842276
292001 0.841965
293001 0.846487
294001 0.842888
295001 0.840753
296001 0.841745
297001 0.842338
298001 0.841048
299001 0.841039
300001 0.842891
301001 0.841865
302001 0.843368
303001 0.837784
304001 0.841025
305001 0.839654
306001 0.838681
307001 0.838082
308001 0.83675
309001 0.838137
310001 0.83861
311001 0.83849
312001 0.835139
313001 0.834892
314001 0.837059
315001 0.835812
316001 0.832428
317001 0.836509
318001 0.834558
319001 0.834931
320001 0.837071
321001 0.83835
322001 0.83448
323001 0.836574
324001 0.836024
325001 0.834806
326001 0.833464
327001 0.83758
328001 0.83583
329001 0.838549
330001 0.837235
331001 0.834899
332001 0.833354
333001 0.829915
334001 0.836224
335001 0.833597
336001 0.834371
337001 0.835413
338001 0.835004
339001 0.834935
340001 0.833582
341001 0.834742
342001 0.835478
343001 0.838298
344001 0.834947
345001 0.836018
346001 0.835044
347001 0.834692
348001 0.835477
349001 0.831466
350001 0.830744
351001 0.829223
352001 0.832975
353001 0.832535
354001 0.8349
355001 0.834209
356001 0.830436
357001 0.832052
358001 0.832988
359001 0.829027
360001 0.828266
361001 0.827716
362001 0.83047
363001 0.830216
364001 0.832228
365001 0.831715
366001 0.831694
367001 0.831387
368001 0.83073
369001 0.829236
370001 0.825473
371001 0.826943
372001 0.827843
373001 0.830196
374001 0.827352
375001 0.824425
376001 0.825797
377001 0.826807
378001 0.827734
379001 0.827876
380001 0.830021
381001 0.829142
382001 0.826655
383001 0.82669
384001 0.827135
385001 0.821598
386001 0.824782
387001 0.824175
388001 0.828195
389001 0.827214
390001 0.826114
391001 0.823778
392001 0.825662
393001 0.823684
394001 0.822495
395001 0.826424
396001 0.826843
397001 0.826171
398001 0.827165
399001 0.826968
400001 0.822193
401001 0.825752
402001 0.824293
403001 0.822229
404001 0.827153
405001 0.826036
406001 0.824756
407001 0.825885
408001 0.826196
409001 0.827427
410001 0.824595
411001 0.825089
412001 0.824219
413001 0.824239
414001 0.822984
415001 0.823495
416001 0.824276
417001 0.822333
418001 0.822135
419001 0.82375
420001 0.822952
421001 0.823749
422001 0.821609
423001 0.822979
424001 0.822173
425001 0.823117
426001 0.823152
427001 0.822967
428001 0.820082
429001 0.820075
430001 0.820752
431001 0.8186
432001 0.820538
433001 0.818715
434001 0.823009
435001 0.820664
436001 0.821053
437001 0.82023
438001 0.821046
439001 0.819971
440001 0.819758
441001 0.8181
442001 0.820827
443001 0.82028
444001 0.819121
445001 0.819575
446001 0.81887
447001 0.820555
448001 0.819869
449001 0.821667
450001 0.821608
451001 0.825661
452001 0.820765
453001 0.81994
454001 0.82058
455001 0.820041
456001 0.819979
457001 0.819111
458001 0.819908
459001 0.818374
460001 0.820451
461001 0.821725
462001 0.81971
463001 0.817159
464001 0.818569
465001 0.81889
466001 0.821728
467001 0.821228
468001 0.818068
469001 0.821183
470001 0.822909
471001 0.819771
472001 0.820738
473001 0.822223
474001 0.820218
475001 0.821628
476001 0.819428
477001 0.818167
478001 0.82012
479001 0.820862
480001 0.817477
481001 0.816448
482001 0.817149
483001 0.820533
484001 0.818936
485001 0.817581
486001 0.817956
487001 0.818574
488001 0.818599
489001 0.817577
490001 0.819381
491001 0.821942
492001 0.817907
493001 0.823595
494001 0.81913
495001 0.81721
496001 0.818242
497001 0.820176
498001 0.819905
499001 0.818571
500001 0.815436
501001 0.817574
502001 0.817191
503001 0.815709
504001 0.818355
505001 0.818584
506001 0.819564
507001 0.815857
508001 0.817431
509001 0.816107
510001 0.817953
511001 0.8165
512001 0.817809
513001 0.818336
514001 0.822045
515001 0.816626
516001 0.812868
517001 0.817195
518001 0.813713
519001 0.819342
520001 0.821736
521001 0.820349
522001 0.819134
523001 0.821919
524001 0.816238
525001 0.814968
526001 0.817232
527001 0.818353
528001 0.816503
529001 0.817427
530001 0.818014
531001 0.816894
532001 0.817008
533001 0.818029
534001 0.81889
535001 0.817597
536001 0.816443
537001 0.819764
538001 0.818633
539001 0.818447
540001 0.817463
541001 0.818298
542001 0.815127
543001 0.815433
544001 0.816153
545001 0.814592
546001 0.816495
547001 0.815393
548001 0.818069
549001 0.81597
550001 0.815571
551001 0.81681
552001 0.818503
553001 0.819642
554001 0.814856
555001 0.817521
556001 0.818253
557001 0.818083
558001 0.817766
559001 0.818207
560001 0.818208
561001 0.816886
562001 0.818001
563001 0.820681
564001 0.818282
565001 0.817319
566001 0.814845
567001 0.817342
568001 0.815551
569001 0.814075
570001 0.814668
571001 0.817149
572001 0.814826
573001 0.814711
574001 0.81869
575001 0.819759
576001 0.820387
577001 0.819984
578001 0.816659
579001 0.815856
580001 0.817132
581001 0.816079
582001 0.814512
583001 0.813837
584001 0.815685
585001 0.814065
586001 0.814698
587001 0.813839
588001 0.815955
589001 0.812784
590001 0.81684
591001 0.815442
592001 0.816568
593001 0.818446
594001 0.816568
595001 0.819642
596001 0.814401
597001 0.815548
598001 0.817373
599001 0.818172
600001 0.81513
601001 0.817403
602001 0.818724
603001 0.819705
604001 0.817617
605001 0.816306
606001 0.815654
607001 0.815189
608001 0.817252
609001 0.817422
610001 0.818511
611001 0.817787
612001 0.818615
613001 0.818376
614001 0.816189
615001 0.815925
616001 0.815241
617001 0.814949
618001 0.816633
619001 0.818223
620001 0.818559
621001 0.818561
622001 0.816062
623001 0.815461
624001 0.818438
625001 0.816512
626001 0.816596
627001 0.817166
628001 0.815189
629001 0.812654
630001 0.814498
631001 0.815843
632001 0.815454
633001 0.813328
634001 0.813843
635001 0.816291
636001 0.816623
637001 0.817408
638001 0.817292
639001 0.814624
640001 0.814286
641001 0.813681
642001 0.814495
643001 0.816678
644001 0.818245
645001 0.815908
646001 0.816324
647001 0.814908
648001 0.817514
649001 0.815015
650001 0.812335
651001 0.813246
652001 0.814465
653001 0.81773
654001 0.816268
655001 0.816793
656001 0.815616
657001 0.815278
658001 0.811264
659001 0.815024
660001 0.816384
661001 0.817151
662001 0.812613
663001 0.813538
664001 0.811444
665001 0.813282
666001 0.815172
667001 0.812798
668001 0.815685
669001 0.812793
670001 0.809941
671001 0.813138
672001 0.812824
673001 0.810933
674001 0.813801
675001 0.814602
676001 0.815157
677001 0.816889
678001 0.814331
679001 0.815401
680001 0.812385
681001 0.815154
682001 0.81224
683001 0.814433
684001 0.814522
685001 0.816376
686001 0.815199
687001 0.814348
688001 0.816234
689001 0.814305
690001 0.814876
691001 0.815671
692001 0.809781
693001 0.815564
694001 0.810167
695001 0.814513
696001 0.817921
697001 0.816755
698001 0.817714
699001 0.816747
700001 0.812856
701001 0.813902
702001 0.811518
703001 0.813064
704001 0.815351
705001 0.814138
706001 0.811543
707001 0.8098
708001 0.814377
709001 0.811467
710001 0.813948
711001 0.81328
712001 0.815826
713001 0.81558
714001 0.813682
715001 0.813775
716001 0.813722
717001 0.817093
718001 0.816911
719001 0.816459
720001 0.81744
721001 0.815127
722001 0.815144
723001 0.812501
724001 0.812536
725001 0.813395
726001 0.812297
727001 0.811742
728001 0.813051
729001 0.813057
730001 0.815883
731001 0.817335
732001 0.814226
733001 0.81474
734001 0.812871
735001 0.81106
736001 0.813644
737001 0.815624
738001 0.811579
739001 0.814028
740001 0.814849
741001 0.813556
742001 0.811191
743001 0.81003
744001 0.813111
745001 0.810872
746001 0.811526
747001 0.813561
748001 0.812231
749001 0.813401
750001 0.810761
751001 0.813238
752001 0.811627
753001 0.813567
754001 0.812479
755001 0.812555
756001 0.813535
757001 0.810159
758001 0.81452
759001 0.809593
760001 0.811343
761001 0.810907
762001 0.810226
763001 0.815428
764001 0.815414
765001 0.815596
766001 0.814415
767001 0.814516
768001 0.813949
769001 0.81325
770001 0.810749
771001 0.81186
772001 0.809298
773001 0.813489
774001 0.812328
775001 0.815197
776001 0.813569
777001 0.816635
778001 0.814848
779001 0.810617
780001 0.811654
781001 0.809888
782001 0.811558
783001 0.81383
784001 0.811369
785001 0.813929
786001 0.815344
787001 0.813724
788001 0.812599
789001 0.810573
790001 0.810873
791001 0.81379
792001 0.812268
793001 0.812534
794001 0.813742
795001 0.812286
796001 0.811242
797001 0.813385
798001 0.81529
799001 0.813839
800001 0.813962
801001 0.814227
802001 0.814407
803001 0.816801
804001 0.812269
805001 0.813682
806001 0.81201
807001 0.812588
808001 0.813536
809001 0.813295
810001 0.81196
811001 0.809275
812001 0.812865
813001 0.813648
814001 0.814103
815001 0.810455
816001 0.815487
817001 0.812504
818001 0.815704
819001 0.81113
820001 0.81323
821001 0.812148
822001 0.816014
823001 0.814402
824001 0.819332
825001 0.81627
826001 0.817214
827001 0.815944
828001 0.814578
829001 0.815876
830001 0.812841
831001 0.812989
832001 0.813652
833001 0.808295
834001 0.815391
835001 0.815586
836001 0.814014
837001 0.813336
838001 0.812364
839001 0.814329
840001 0.811777
841001 0.813706
842001 0.814121
843001 0.814598
844001 0.80989
845001 0.810524
846001 0.812069
847001 0.815335
848001 0.814884
849001 0.811732
850001 0.811537
851001 0.813247
852001 0.811245
853001 0.811574
854001 0.808404
855001 0.80946
856001 0.811209
857001 0.812338
858001 0.811698
859001 0.813455
860001 0.815617
861001 0.817079
862001 0.815705
863001 0.814382
864001 0.811899
865001 0.811673
866001 0.812015
867001 0.813926
868001 0.81018
869001 0.81566
870001 0.810901
871001 0.812241
872001 0.810183
873001 0.81007
874001 0.812629
875001 0.811798
876001 0.811851
877001 0.815635
878001 0.811584
879001 0.810549
880001 0.809995
881001 0.814989
882001 0.814266
883001 0.810774
884001 0.815408
885001 0.812732
886001 0.813038
887001 0.812788
888001 0.813801
889001 0.81214
890001 0.812783
891001 0.81384
892001 0.814857
893001 0.811379
894001 0.812184
895001 0.812708
896001 0.814762
897001 0.813551
898001 0.812153
899001 0.813378
900001 0.811905
901001 0.812429
902001 0.813435
903001 0.815375
904001 0.817402
905001 0.81462
906001 0.812651
907001 0.815096
908001 0.814749
909001 0.813972
910001 0.815743
911001 0.815518
912001 0.814749
913001 0.814553
914001 0.815113
915001 0.809755
916001 0.815352
917001 0.816455
918001 0.811666
919001 0.811633
920001 0.811685
921001 0.81002
922001 0.812426
923001 0.814579
924001 0.813458
925001 0.813082
926001 0.814303
927001 0.81313
928001 0.815596
929001 0.813994
930001 0.812397
931001 0.812107
932001 0.813252
933001 0.815557
934001 0.81583
935001 0.815562
936001 0.812725
937001 0.811541
938001 0.813677
939001 0.814523
940001 0.811501
941001 0.814508
942001 0.813178
943001 0.813628
944001 0.813102
945001 0.813507
946001 0.815257
947001 0.813694
948001 0.815159
949001 0.810865
950001 0.810229
951001 0.809864
952001 0.812209
953001 0.813261
954001 0.812646
955001 0.812597
956001 0.813222
957001 0.812655
958001 0.813604
959001 0.809899
960001 0.809283
961001 0.810944
962001 0.809036
963001 0.810012
964001 0.810994
965001 0.808945
966001 0.81066
967001 0.80974
968001 0.812608
969001 0.810899
970001 0.809789
971001 0.810544
972001 0.812443
973001 0.812086
974001 0.813631
975001 0.813213
976001 0.809835
977001 0.813224
978001 0.812092
979001 0.810613
980001 0.809877
981001 0.810471
982001 0.80995
983001 0.809579
984001 0.808069
985001 0.811456
986001 0.806691
987001 0.808834
988001 0.814596
989001 0.812267
990001 0.809387
991001 0.812045
992001 0.814708
993001 0.810634
994001 0.810833
995001 0.811264
996001 0.814229
997001 0.814457
998001 0.812708
999001 0.813693
1000001 0.810585
1001001 0.813015
1002001 0.810359
1003001 0.81412
1004001 0.814072
1005001 0.813957
1006001 0.81164
1007001 0.812669
1008001 0.810158
1009001 0.810639
1010001 0.814694
1011001 0.813644
1012001 0.813075
1013001 0.812039
1014001 0.812503
1015001 0.812954
1016001 0.812162
1017001 0.811145
1018001 0.813104
1019001 0.810773
1020001 0.806463
1021001 0.809613
1022001 0.8109
1023001 0.808297
1024001 0.80919
1025001 0.81119
1026001 0.816062
1027001 0.813589
1028001 0.811156
1029001 0.809456
1030001 0.808816
1031001 0.812947
1032001 0.811836
1033001 0.813726
1034001 0.809482
1035001 0.811031
1036001 0.81481
1037001 0.809457
1038001 0.81456
1039001 0.811835
1040001 0.817227
1041001 0.815491
1042001 0.813
1043001 0.810186
1044001 0.810301
1045001 0.808786
1046001 0.813996
1047001 0.80899
1048001 0.812413
1049001 0.811479
1050001 0.808481
1051001 0.810692
1052001 0.810516
1053001 0.810863
1054001 0.810571
1055001 0.81683
1056001 0.81341
1057001 0.812137
1058001 0.811246
1059001 0.812113
1060001 0.814474
1061001 0.815475
1062001 0.811988
1063001 0.812755
1064001 0.814731
1065001 0.816723
1066001 0.815029
1067001 0.81247
1068001 0.811147
1069001 0.810951
1070001 0.811545
1071001 0.812733
1072001 0.811417
1073001 0.815009
1074001 0.811745
1075001 0.811341
1076001 0.811868
1077001 0.813938
1078001 0.814874
1079001 0.813939
1080001 0.813902
1081001 0.815699
1082001 0.813705
1083001 0.81258
1084001 0.814848
1085001 0.814384
1086001 0.815494
1087001 0.814136
1088001 0.811095
1089001 0.810233
1090001 0.812832
1091001 0.809015
1092001 0.81214
1093001 0.811707
1094001 0.813473
1095001 0.813322
1096001 0.812683
1097001 0.813786
1098001 0.812643
1099001 0.814244
1100001 0.812018
1101001 0.810128
1102001 0.808994
1103001 0.810263
1104001 0.812195
1105001 0.810247
1106001 0.811985
1107001 0.810705
1108001 0.810988
1109001 0.813676
1110001 0.812912
1111001 0.812758
1112001 0.812264
1113001 0.813373
1114001 0.813773
1115001 0.816519
1116001 0.816369
1117001 0.817317
1118001 0.816259
1119001 0.81261
1120001 0.810752
1121001 0.809839
1122001 0.810239
1123001 0.811004
1124001 0.814201
1125001 0.81306
1126001 0.815171
1127001 0.811619
1128001 0.812153
1129001 0.812674
1130001 0.808584
1131001 0.81013
1132001 0.808084
1133001 0.808257
1134001 0.807183
1135001 0.809994
1136001 0.809088
1137001 0.81194
1138001 0.810108
1139001 0.811905
1140001 0.811148
1141001 0.813549
1142001 0.816829
1143001 0.811128
1144001 0.813464
1145001 0.813616
1146001 0.81363
1147001 0.813353
1148001 0.815828
1149001 0.813787
1150001 0.815823
1151001 0.811882
1152001 0.810315
1153001 0.812986
1154001 0.811007
1155001 0.809351
1156001 0.807176
1157001 0.808187
1158001 0.807796
1159001 0.811126
1160001 0.811905
1161001 0.808924
1162001 0.810312
1163001 0.81003
1164001 0.811035
1165001 0.80775
1166001 0.809077
1167001 0.809941
1168001 0.809507
1169001 0.810565
1170001 0.812066
1171001 0.810611
1172001 0.81315
1173001 0.812437
1174001 0.813646
1175001 0.811521
1176001 0.808964
1177001 0.809653
1178001 0.808214
1179001 0.814896
1180001 0.810987
1181001 0.813647
1182001 0.811446
1183001 0.810905
1184001 0.813055
1185001 0.810913
1186001 0.810163
1187001 0.812099
1188001 0.811374
1189001 0.811946
1190001 0.81297
1191001 0.810332
1192001 0.808799
1193001 0.810686
1194001 0.809428
1195001 0.807402
1196001 0.810498
1197001 0.810554
1198001 0.810315
1199001 0.808459
1200001 0.808756
1201001 0.808497
1202001 0.812674
1203001 0.813053
1204001 0.815554
1205001 0.809704
1206001 0.812786
1207001 0.811785
1208001 0.810896
1209001 0.811821
1210001 0.811609
1211001 0.810758
1212001 0.811102
1213001 0.812505
1214001 0.81385
1215001 0.814649
1216001 0.809677
1217001 0.811059
1218001 0.811305
1219001 0.810549
1220001 0.810315
1221001 0.811987
1222001 0.813887
1223001 0.812368
1224001 0.811095
1225001 0.813184
1226001 0.81624
1227001 0.817719
1228001 0.812338
1229001 0.815098
1230001 0.811328
1231001 0.815435
1232001 0.810204
1233001 0.810631
1234001 0.813092
1235001 0.813153
1236001 0.810933
1237001 0.812193
1238001 0.810954
1239001 0.809403
1240001 0.808291
1241001 0.808697
1242001 0.811188
1243001 0.809262
1244001 0.810502
1245001 0.813078
1246001 0.811495
1247001 0.811971
1248001 0.809002
1249001 0.811502
1250001 0.816792
1251001 0.814386
1252001 0.811908
1253001 0.813596
1254001 0.813002
1255001 0.813667
1256001 0.815195
1257001 0.813044
1258001 0.814086
1259001 0.814167
1260001 0.814352
1261001 0.813841
1262001 0.814814
1263001 0.811196
1264001 0.81123
1265001 0.81301
1266001 0.810406
1267001 0.811422
1268001 0.812048
1269001 0.812737
1270001 0.812934
1271001 0.809988
1272001 0.809291
1273001 0.810622
1274001 0.810066
1275001 0.809736
1276001 0.80974
1277001 0.812738
1278001 0.811016
1279001 0.81032
1280001 0.810908
1281001 0.809975
1282001 0.811016
1283001 0.813104
1284001 0.813409
1285001 0.810511
1286001 0.810516
1287001 0.810296
1288001 0.811293
1289001 0.810918
1290001 0.810285
1291001 0.808226
1292001 0.81148
1293001 0.809486
1294001 0.811617
1295001 0.809851
1296001 0.809663
1297001 0.810923
1298001 0.813616
1299001 0.81209
1300001 0.815344
1301001 0.814275
1302001 0.813618
1303001 0.814801
1304001 0.812511
1305001 0.813613
1306001 0.812783
1307001 0.810284
1308001 0.812235
1309001 0.810393
1310001 0.811809
1311001 0.81442
1312001 0.811621
1313001 0.813368
1314001 0.811446
1315001 0.814579
1316001 0.816215
1317001 0.813346
1318001 0.81319
1319001 0.811696
1320001 0.813792
1321001 0.809729
1322001 0.812084
1323001 0.8166
1324001 0.816401
1325001 0.813346
1326001 0.809501
1327001 0.811587
1328001 0.811694
1329001 0.811507
1330001 0.811872
1331001 0.811828
1332001 0.811839
1333001 0.811593
1334001 0.813063
1335001 0.813614
1336001 0.812358
1337001 0.810919
1338001 0.81355
1339001 0.809684
1340001 0.807407
1341001 0.809514
1342001 0.808706
1343001 0.810838
1344001 0.813016
1345001 0.810652
1346001 0.807945
1347001 0.809739
1348001 0.813839
1349001 0.812812
1350001 0.812308
1351001 0.810617
1352001 0.809182
1353001 0.810479
1354001 0.810504
1355001 0.813421
1356001 0.814834
1357001 0.813092
1358001 0.813184
1359001 0.814525
1360001 0.814632
1361001 0.809334
1362001 0.810197
1363001 0.80998
1364001 0.810157
1365001 0.809908
1366001 0.80862
1367001 0.811635
1368001 0.810639
1369001 0.810008
1370001 0.809133
1371001 0.811152
1372001 0.810263
1373001 0.809482
1374001 0.811073
1375001 0.810443
1376001 0.809633
1377001 0.810116
1378001 0.808675
1379001 0.811678
1380001 0.811903
1381001 0.81228
1382001 0.811025
1383001 0.810067
1384001 0.811302
1385001 0.812398
1386001 0.812788
1387001 0.816944
1388001 0.81573
1389001 0.81236
1390001 0.812702
1391001 0.810996
1392001 0.814108
1393001 0.809859
1394001 0.810481
1395001 0.812517
1396001 0.812969
1397001 0.810017
1398001 0.812589
1399001 0.80911
1400001 0.811048
1401001 0.813434
1402001 0.814851
1403001 0.810608
1404001 0.813051
1405001 0.813407
1406001 0.811889
1407001 0.812286
1408001 0.810053
1409001 0.810037
1410001 0.811965
1411001 0.81323
1412001 0.814522
1413001 0.812146
1414001 0.810183
1415001 0.811113
1416001 0.812269
1417001 0.8137
1418001 0.812267
1419001 0.811356
1420001 0.811729
1421001 0.812606
1422001 0.811706
1423001 0.813671
1424001 0.811856
1425001 0.812531
1426001 0.808853
1427001 0.812557
1428001 0.812255
1429001 0.811644
1430001 0.813229
1431001 0.812876
1432001 0.811911
1433001 0.810379
1434001 0.811043
1435001 0.809975
1436001 0.811431
1437001 0.809736
1438001 0.81051
1439001 0.814443
1440001 0.814627
1441001 0.811812
1442001 0.81584
1443001 0.813294
1444001 0.814342
1445001 0.812919
1446001 0.810504
1447001 0.816418
1448001 0.814201
1449001 0.813912
1450001 0.810292
1451001 0.812155
1452001 0.811004
1453001 0.811743
1454001 0.813219
1455001 0.815756
1456001 0.812746
1457001 0.810143
1458001 0.812971
1459001 0.815835
1460001 0.813294
1461001 0.81035
1462001 0.813352
1463001 0.810372
1464001 0.810652
1465001 0.814392
1466001 0.813922
1467001 0.810007
1468001 0.811002
1469001 0.813394
1470001 0.808934
1471001 0.810582
1472001 0.812813
1473001 0.81279
1474001 0.811733
1475001 0.807165
1476001 0.809214
1477001 0.811716
1478001 0.811673
1479001 0.810658
1480001 0.807741
1481001 0.812885
1482001 0.810174
1483001 0.814057
1484001 0.809312
1485001 0.81328
1486001 0.81404
1487001 0.813701
1488001 0.813736
1489001 0.808924
1490001 0.809379
1491001 0.809793
1492001 0.811895
1493001 0.814233
1494001 0.812446
1495001 0.810642
1496001 0.812096
1497001 0.808283
1498001 0.813894
1499001 0.817208
1500001 0.813043
1501001 0.814468
1502001 0.814413
1503001 0.813685
1504001 0.813125
1505001 0.8128
1506001 0.811317
1507001 0.811157
1508001 0.815318
1509001 0.81386
1510001 0.809893
1511001 0.811634
1512001 0.809151
1513001 0.809676
1514001 0.810248
1515001 0.813064
1516001 0.812503
1517001 0.811157
1518001 0.812268
1519001 0.812201
1520001 0.811881
1521001 0.81406
1522001 0.809562
1523001 0.811686
1524001 0.811363
1525001 0.808575
1526001 0.808774
1527001 0.80796
1528001 0.810919
1529001 0.810654
1530001 0.814028
1531001 0.80963
1532001 0.814783
1533001 0.813542
1534001 0.813042
1535001 0.811883
1536001 0.810593
1537001 0.810964
1538001 0.81469
1539001 0.811887
1540001 0.814554
1541001 0.809051
1542001 0.808587
1543001 0.812634
1544001 0.813061
1545001 0.811459
1546001 0.810997
1547001 0.810719
1548001 0.81043
1549001 0.811542
1550001 0.812922
1551001 0.813993
1552001 0.81028
1553001 0.810933
1554001 0.812694
1555001 0.811407
1556001 0.810055
1557001 0.810248
1558001 0.808558
1559001 0.806572
1560001 0.806922
1561001 0.808272
1562001 0.809643
1563001 0.812118
1564001 0.809268
1565001 0.811181
1566001 0.809117
1567001 0.80854
1568001 0.807867
1569001 0.80463
1570001 0.807849
1571001 0.808309
1572001 0.809173
1573001 0.809012
1574001 0.810237
1575001 0.809266
1576001 0.804931
1577001 0.810554
1578001 0.810866
1579001 0.808209
1580001 0.810447
1581001 0.812909
1582001 0.813723
1583001 0.814825
1584001 0.810217
1585001 0.811731
1586001 0.811427
1587001 0.809188
1588001 0.813704
1589001 0.815979
1590001 0.810075
1591001 0.808598
1592001 0.811279
1593001 0.813181
1594001 0.809706
1595001 0.811756
1596001 0.80981
1597001 0.808991
1598001 0.806979
1599001 0.811204
1600001 0.811238
1601001 0.812611
1602001 0.812537
1603001 0.814964
1604001 0.811736
1605001 0.812429
1606001 0.81052
1607001 0.809478
1608001 0.809785
1609001 0.807678
1610001 0.810337
1611001 0.811468
1612001 0.814126
1613001 0.810802
1614001 0.814675
1615001 0.810741
1616001 0.813343
1617001 0.814792
1618001 0.812754
1619001 0.813875
1620001 0.815398
1621001 0.813902
1622001 0.812143
1623001 0.811099
1624001 0.811472
1625001 0.810135
1626001 0.811802
1627001 0.813843
1628001 0.810126
1629001 0.812116
1630001 0.811263
1631001 0.810109
1632001 0.808512
1633001 0.807853
1634001 0.809776
1635001 0.814581
1636001 0.811302
1637001 0.81342
1638001 0.814444
1639001 0.811868
1640001 0.813169
1641001 0.812291
1642001 0.810808
1643001 0.809324
1644001 0.80996
1645001 0.814143
1646001 0.812114
1647001 0.812319
1648001 0.809307
1649001 0.812673
1650001 0.811386
1651001 0.814506
1652001 0.808778
1653001 0.812116
1654001 0.810958
1655001 0.810299
1656001 0.808266
1657001 0.80828
1658001 0.811384
1659001 0.811743
1660001 0.813228
1661001 0.809853
1662001 0.812216
1663001 0.81397
1664001 0.810889
1665001 0.816462
1666001 0.81697
1667001 0.815523
1668001 0.810667
1669001 0.812643
1670001 0.809918
1671001 0.812003
1672001 0.810738
1673001 0.813384
1674001 0.811738
1675001 0.812962
1676001 0.811243
1677001 0.810806
1678001 0.811675
1679001 0.810452
1680001 0.808205
1681001 0.814211
1682001 0.811394
1683001 0.812421
1684001 0.813149
1685001 0.813021
1686001 0.815059
1687001 0.811927
1688001 0.809811
1689001 0.810046
1690001 0.812584
1691001 0.811683
1692001 0.809752
1693001 0.80996
1694001 0.814282
1695001 0.815381
1696001 0.814457
1697001 0.813567
1698001 0.811778
1699001 0.811617
1700001 0.812481
1701001 0.814396
1702001 0.810686
1703001 0.812419
1704001 0.812799
1705001 0.811072
1706001 0.812709
1707001 0.809295
1708001 0.811266
1709001 0.813212
1710001 0.812281
1711001 0.812707
1712001 0.813075
1713001 0.816537
1714001 0.81222
1715001 0.812819
1716001 0.808904
1717001 0.810031
1718001 0.811315
1719001 0.810737
1720001 0.810881
1721001 0.814319
1722001 0.812863
1723001 0.810156
1724001 0.814044
1725001 0.814204
1726001 0.812664
1727001 0.810547
1728001 0.811367
1729001 0.810861
1730001 0.810096
1731001 0.812777
1732001 0.810612
1733001 0.812857
1734001 0.811012
1735001 0.811063
1736001 0.810178
1737001 0.811269
1738001 0.812695
1739001 0.813173
1740001 0.81278
1741001 0.81452
1742001 0.812408
1743001 0.807514
1744001 0.807209
1745001 0.809287
1746001 0.805982
1747001 0.808406
1748001 0.811044
1749001 0.810572
1750001 0.808644
1751001 0.81124
1752001 0.811043
1753001 0.809718
1754001 0.808873
1755001 0.812801
1756001 0.812537
1757001 0.813633
1758001 0.814231
1759001 0.813967
1760001 0.812175
1761001 0.814988
1762001 0.814484
1763001 0.810368
1764001 0.806865
1765001 0.808391
1766001 0.809878
1767001 0.809972
1768001 0.811398
1769001 0.81041
1770001 0.812041
1771001 0.80865
1772001 0.812156
1773001 0.810812
1774001 0.81196
1775001 0.810494
1776001 0.808831
1777001 0.809728
1778001 0.81084
1779001 0.809231
1780001 0.810386
1781001 0.811389
1782001 0.816475
1783001 0.813496
1784001 0.812522
1785001 0.816156
1786001 0.812279
1787001 0.809793
1788001 0.814463
1789001 0.811539
1790001 0.811361
1791001 0.812875
1792001 0.812332
1793001 0.810719
1794001 0.809599
1795001 0.809782
1796001 0.810608
1797001 0.814247
1798001 0.810375
1799001 0.81296
1800001 0.812234
1801001 0.812403
1802001 0.810624
1803001 0.81257
1804001 0.812558
1805001 0.812306
1806001 0.810673
1807001 0.811557
1808001 0.81036
1809001 0.811395
1810001 0.811081
1811001 0.811192
1812001 0.813052
1813001 0.809594
1814001 0.81079
1815001 0.809543
1816001 0.811127
1817001 0.80886
1818001 0.807977
1819001 0.809796
1820001 0.809932
1821001 0.811047
1822001 0.810685
1823001 0.808456
1824001 0.810039
1825001 0.807218
1826001 0.809104
1827001 0.81108
1828001 0.811597
1829001 0.814986
1830001 0.813913
1831001 0.811172
1832001 0.81005
1833001 0.812917
1834001 0.814085
1835001 0.811964
1836001 0.811546
1837001 0.815599
1838001 0.810677
1839001 0.81217
1840001 0.812168
1841001 0.813788
1842001 0.812031
1843001 0.810926
1844001 0.812229
1845001 0.810541
1846001 0.811338
1847001 0.808326
1848001 0.809245
1849001 0.811224
1850001 0.806418
1851001 0.809264
1852001 0.810013
1853001 0.815272
1854001 0.811965
1855001 0.810765
1856001 0.811235
1857001 0.810953
1858001 0.810406
1859001 0.811592
1860001 0.808727
1861001 0.809781
1862001 0.809803
1863001 0.811617
1864001 0.811192
1865001 0.810083
1866001 0.809879
1867001 0.812403
1868001 0.808998
1869001 0.810996
1870001 0.81205
1871001 0.811786
1872001 0.808292
1873001 0.810514
1874001 0.812555
1875001 0.810365
1876001 0.811884
1877001 0.807189
1878001 0.807864
1879001 0.807791
1880001 0.80605
1881001 0.808797
1882001 0.809362
1883001 0.809414
1884001 0.811765
1885001 0.810348
1886001 0.809422
1887001 0.809849
1888001 0.808268
1889001 0.80821
1890001 0.807407
1891001 0.805893
1892001 0.80754
1893001 0.811764
1894001 0.809953
1895001 0.810462
1896001 0.811143
1897001 0.814302
1898001 0.810278
1899001 0.809079
1900001 0.812961
1901001 0.812151
1902001 0.813699
1903001 0.813789
1904001 0.809985
1905001 0.815632
1906001 0.809847
1907001 0.810314
1908001 0.806429
1909001 0.812117
1910001 0.810304
1911001 0.807564
1912001 0.809606
1913001 0.810867
1914001 0.812607
1915001 0.811814
1916001 0.813263
1917001 0.811703
1918001 0.812128
1919001 0.809592
1920001 0.810276
1921001 0.809494
1922001 0.808687
1923001 0.808568
1924001 0.813789
1925001 0.813207
1926001 0.812495
1927001 0.811456
1928001 0.80989
1929001 0.810382
1930001 0.8098
1931001 0.810236
1932001 0.810335
1933001 0.808726
1934001 0.810941
1935001 0.807572
1936001 0.807559
1937001 0.809317
1938001 0.809847
1939001 0.810073
1940001 0.810417
1941001 0.808158
1942001 0.807874
1943001 0.809427
1944001 0.810348
1945001 0.813115
1946001 0.812355
1947001 0.808534
1948001 0.808267
1949001 0.806067
1950001 0.809246
1951001 0.810402
1952001 0.815402
1953001 0.817029
1954001 0.812564
1955001 0.808924
1956001 0.809655
1957001 0.808253
1958001 0.808278
1959001 0.808035
1960001 0.812263
1961001 0.810099
1962001 0.809385
1963001 0.811691
1964001 0.813765
1965001 0.810597
1966001 0.812614
1967001 0.811452
1968001 0.813906
1969001 0.812122
1970001 0.811618
1971001 0.808725
1972001 0.807234
1973001 0.80817
1974001 0.806381
1975001 0.810488
1976001 0.814302
1977001 0.810217
1978001 0.812484
1979001 0.811449
1980001 0.809896
1981001 0.81038
1982001 0.811734
1983001 0.811042
1984001 0.811079
1985001 0.813919
1986001 0.814644
1987001 0.810974
1988001 0.81334
1989001 0.808741
1990001 0.807159
1991001 0.810472
1992001 0.809421
1993001 0.809928
1994001 0.810724
1995001 0.810678
1996001 0.809477
1997001 0.808281
1998001 0.807684
1999001 0.806203
