1 81.9775
1001 65.6038
2001 62.0278
3001 59.6939
4001 57.9184
5001 56.3293
6001 55.0141
7001 53.9336
8001 52.8693
9001 51.887
10001 51.0447
11001 50.2393
12001 49.452
13001 48.6833
14001 47.9974
15001 47.2871
16001 46.6626
17001 46.0579
18001 45.4424
19001 44.8427
20001 44.2727
21001 43.7506
22001 43.18
23001 42.6304
24001 42.098
25001 41.6079
26001 41.1312
27001 40.6715
28001 40.2099
29001 39.7296
30001 39.2723
31001 38.8379
32001 38.4423
33001 37.9902
34001 37.5773
35001 37.1586
36001 36.7612
37001 36.3762
38001 35.9941
39001 35.6223
40001 35.2667
41001 34.901
42001 34.5625
43001 34.2083
44001 33.8445
45001 33.5028
46001 33.1814
47001 32.8612
48001 32.5511
49001 32.2429
50001 31.936
51001 31.6378
52001 31.341
53001 31.0577
54001 30.7692
55001 30.4831
56001 30.2124
57001 29.9291
58001 29.6461
59001 29.3888
60001 29.14
61001 28.8827
62001 28.6301
63001 28.3955
64001 28.1409
65001 27.9084
66001 27.6615
67001 27.4403
68001 27.2133
69001 26.9896
70001 26.7849
71001 26.5677
72001 26.3291
73001 26.1043
74001 25.8924
75001 25.6883
76001 25.4794
77001 25.2803
78001 25.0876
79001 24.9024
80001 24.708
81001 24.5346
82001 24.359
83001 24.1724
84001 23.9927
85001 23.8254
86001 23.6628
87001 23.4805
88001 23.3245
89001 23.1634
90001 22.9914
91001 22.8443
92001 22.6853
93001 22.5181
94001 22.3573
95001 22.2056
96001 22.0612
97001 21.914
98001 21.776
99001 21.6305
100001 21.4936
101001 21.345
102001 21.2006
103001 21.0648
104001 20.9335
105001 20.802
106001 20.672
107001 20.541
108001 20.416
109001 20.2952
110001 20.1682
111001 20.048
112001 19.9273
113001 19.8023
114001 19.6859
115001 19.574
116001 19.4634
117001 19.3553
118001 19.248
119001 19.1451
120001 19.0364
121001 18.9271
122001 18.8157
123001 18.719
124001 18.6213
125001 18.5288
126001 18.4328
127001 18.3346
128001 18.2383
129001 18.1409
130001 18.0534
131001 17.9618
132001 17.8709
133001 17.787
134001 17.6963
135001 17.6067
136001 17.5285
137001 17.4446
138001 17.361
139001 17.2757
140001 17.1918
141001 17.1092
142001 17.0263
143001 16.9514
144001 16.8772
145001 16.7988
146001 16.7254
147001 16.6417
148001 16.5677
149001 16.4962
150001 16.4259
151001 16.3587
152001 16.2902
153001 16.2158
154001 16.1494
155001 16.0818
156001 16.0146
157001 15.9438
158001 15.8757
159001 15.8114
160001 15.7512
161001 15.6908
162001 15.6257
163001 15.563
164001 15.4993
165001 15.4402
166001 15.3819
167001 15.3203
168001 15.2621
169001 15.2031
170001 15.1415
171001 15.087
172001 15.0298
173001 14.9768
174001 14.9231
175001 14.8689
176001 14.8169
177001 14.7633
178001 14.7094
179001 14.6568
180001 14.6069
181001 14.5542
182001 14.5009
183001 14.4494
184001 14.4037
185001 14.3558
186001 14.3081
187001 14.2642
188001 14.2152
189001 14.168
190001 14.1186
191001 14.0726
192001 14.0266
193001 13.982
194001 13.9325
195001 13.8852
196001 13.8428
197001 13.8023
198001 13.7609
199001 13.72
200001 13.6793
201001 13.6409
202001 13.6022
203001 13.5608
204001 13.5209
205001 13.482
206001 13.4437
207001 13.4048
208001 13.3654
209001 13.3283
210001 13.2896
211001 13.252
212001 13.2157
213001 13.1802
214001 13.1441
215001 13.1112
216001 13.0717
217001 13.0361
218001 13.001
219001 12.9669
220001 12.9334
221001 12.8972
222001 12.8646
223001 12.8355
224001 12.8037
225001 12.7733
226001 12.7408
227001 12.7101
228001 12.6796
229001 12.6495
230001 12.6196
231001 12.5893
232001 12.5601
233001 12.5316
234001 12.5019
235001 12.477
236001 12.4495
237001 12.4255
238001 12.3979
239001 12.3696
240001 12.3411
241001 12.313
242001 12.2848
243001 12.2577
244001 12.2312
245001 12.2041
246001 12.1785
247001 12.1523
248001 12.1255
249001 12.1
250001 12.0769
251001 12.0537
252001 12.0313
253001 12.0094
254001 11.985
255001 11.9617
256001 11.9399
257001 11.9189
258001 11.895
259001 11.8725
260001 11.8496
261001 11.8283
262001 11.8055
263001 11.7826
264001 11.7611
265001 11.7389
266001 11.7166
267001 11.6971
268001 11.6745
269001 11.6528
270001 11.6324
271001 11.612
272001 11.5918
273001 11.5725
274001 11.5531
275001 11.5322
276001 11.5119
277001 11.4926
278001 11.4747
279001 11.4557
280001 11.4377
281001 11.4201
282001 11.4022
283001 11.3848
284001 11.3658
285001 11.3482
286001 11.3306
287001 11.3141
288001 11.2967
289001 11.2795
290001 11.2627
291001 11.2447
292001 11.23
293001 11.2138
294001 11.1964
295001 11.1802
296001 11.1626
297001 11.1457
298001 11.1297
299001 11.1121
300001 11.0966
301001 11.0788
302001 11.0644
303001 11.0487
304001 11.0322
305001 11.0188
306001 11.0049
307001 10.9913
308001 10.977
309001 10.9617
310001 10.9482
311001 10.9319
312001 10.9163
313001 10.904
314001 10.8926
315001 10.8799
316001 10.865
317001 10.8502
318001 10.8372
319001 10.8243
320001 10.8102
321001 10.797
322001 10.7834
323001 10.7706
324001 10.7599
325001 10.7462
326001 10.7352
327001 10.7245
328001 10.7108
329001 10.701
330001 10.6902
331001 10.6805
332001 10.6688
333001 10.6566
334001 10.6465
335001 10.6343
336001 10.6225
337001 10.6132
338001 10.6019
339001 10.591
340001 10.5812
341001 10.5707
342001 10.5571
343001 10.5472
344001 10.5375
345001 10.5264
346001 10.5166
347001 10.5062
348001 10.4953
349001 10.4857
350001 10.4735
351001 10.4614
352001 10.4504
353001 10.439
354001 10.4303
355001 10.4202
356001 10.4105
357001 10.3992
358001 10.3912
359001 10.3828
360001 10.3731
361001 10.3632
362001 10.3548
363001 10.3456
364001 10.3384
365001 10.3288
366001 10.3179
367001 10.3084
368001 10.3
369001 10.2897
370001 10.2822
371001 10.2757
372001 10.2662
373001 10.2594
374001 10.2499
375001 10.2415
376001 10.2343
377001 10.227
378001 10.2195
379001 10.2113
380001 10.2041
381001 10.1944
382001 10.1864
383001 10.1792
384001 10.1712
385001 10.1619
386001 10.1523
387001 10.1456
388001 10.1369
389001 10.1299
390001 10.122
391001 10.1139
392001 10.1073
393001 10.0988
394001 10.0919
395001 10.085
396001 10.0782
397001 10.0707
398001 10.0646
399001 10.0574
400001 10.0495
401001 10.0412
402001 10.0321
403001 10.0264
404001 10.0203
405001 10.0147
406001 10.0073
407001 10.0015
408001 9.9959
409001 9.98986
410001 9.98389
411001 9.97786
412001 9.97113
413001 9.9669
414001 9.95978
415001 9.95445
416001 9.94827
417001 9.94208
418001 9.93568
419001 9.92989
420001 9.92402
421001 9.91756
422001 9.91073
423001 9.90342
424001 9.89717
425001 9.89082
426001 9.88479
427001 9.87947
428001 9.87307
429001 9.86605
430001 9.85931
431001 9.85456
432001 9.84963
433001 9.84468
434001 9.838
435001 9.83124
436001 9.8268
437001 9.82153
438001 9.81666
439001 9.80988
440001 9.80437
441001 9.79789
442001 9.79251
443001 9.78811
444001 9.78311
445001 9.77927
446001 9.77631
447001 9.77474
448001 9.77079
449001 9.76614
450001 9.76212
451001 9.75627
452001 9.75179
453001 9.74556
454001 9.74092
455001 9.73903
456001 9.73354
457001 9.72893
458001 9.72313
459001 9.71786
460001 9.71445
461001 9.71054
462001 9.70544
463001 9.70093
464001 9.69764
465001 9.6954
466001 9.69047
467001 9.68468
468001 9.68244
469001 9.67915
470001 9.675
471001 9.67069
472001 9.66779
473001 9.66373
474001 9.65913
475001 9.65552
476001 9.6536
477001 9.64852
478001 9.64461
479001 9.64076
480001 9.63607
481001 9.63266
482001 9.629
483001 9.62594
484001 9.62141
485001 9.61857
486001 9.61467
487001 9.61261
488001 9.60945
489001 9.60545
490001 9.60317
491001 9.60012
492001 9.59717
493001 9.59611
494001 9.59275
495001 9.58951
496001 9.58682
497001 9.58284
498001 9.5817
499001 9.57859
500001 9.57687
501001 9.57413
502001 9.57035
503001 9.567
504001 9.56294
505001 9.56081
506001 9.55857
507001 9.55576
508001 9.55268
509001 9.55067
510001 9.54793
511001 9.54489
512001 9.54255
513001 9.53893
514001 9.53634
515001 9.53072
516001 9.52777
517001 9.52653
518001 9.52272
519001 9.52108
520001 9.51797
521001 9.51729
522001 9.51493
523001 9.51253
524001 9.50987
525001 9.50578
526001 9.50416
527001 9.50238
528001 9.49952
529001 9.49622
530001 9.49235
531001 9.48924
532001 9.4874
533001 9.48403
534001 9.4824
535001 9.47874
536001 9.47403
537001 9.47019
538001 9.46887
539001 9.46689
540001 9.46534
541001 9.46247
542001 9.45952
543001 9.45504
544001 9.45329
545001 9.45046
546001 9.44928
547001 9.44709
548001 9.44501
549001 9.44229
550001 9.4404
551001 9.43962
552001 9.4378
553001 9.43562
554001 9.43361
555001 9.43086
556001 9.42923
557001 9.42736
558001 9.42462
559001 9.42088
560001 9.4199
561001 9.42339
562001 9.42185
563001 9.42034
564001 9.41727
565001 9.41668
566001 9.41186
567001 9.41004
568001 9.40848
569001 9.40697
570001 9.40444
571001 9.40373
572001 9.4018
573001 9.40047
574001 9.39845
575001 9.39705
576001 9.3963
577001 9.39533
578001 9.39361
579001 9.39212
580001 9.39037
581001 9.38912
582001 9.38555
583001 9.38329
584001 9.38116
585001 9.37883
586001 9.37661
587001 9.37452
588001 9.37292
589001 9.37391
590001 9.37144
591001 9.36979
592001 9.37065
593001 9.36661
594001 9.36361
595001 9.361
596001 9.35963
597001 9.35754
598001 9.35716
599001 9.35654
600001 9.3549
601001 9.35306
602001 9.35251
603001 9.35046
604001 9.35001
605001 9.34858
606001 9.34627
607001 9.34496
608001 9.34366
609001 9.34345
610001 9.34225
611001 9.34186
612001 9.33923
613001 9.3382
614001 9.33697
615001 9.33562
616001 9.33376
617001 9.33514
618001 9.33446
619001 9.33334
620001 9.33389
621001 9.3319
622001 9.32947
623001 9.32831
624001 9.32907
625001 9.32949
626001 9.3284
627001 9.32745
628001 9.32607
629001 9.32557
630001 9.32465
631001 9.32458
632001 9.32251
633001 9.32114
634001 9.3203
635001 9.32175
636001 9.32022
637001 9.31982
638001 9.31802
639001 9.31528
640001 9.31334
641001 9.31078
642001 9.31059
643001 9.30863
644001 9.30836
645001 9.30891
646001 9.30831
647001 9.30792
648001 9.30775
649001 9.30639
650001 9.3054
651001 9.30479
652001 9.30376
653001 9.30361
654001 9.30139
655001 9.2992
656001 9.29883
657001 9.29679
658001 9.29575
659001 9.29587
660001 9.29799
661001 9.29724
662001 9.29318
663001 9.29339
664001 9.2921
665001 9.29123
666001 9.29145
667001 9.29243
668001 9.28989
669001 9.29069
670001 9.28982
671001 9.29032
672001 9.2908
673001 9.28954
674001 9.29001
675001 9.28978
676001 9.28753
677001 9.28895
678001 9.28808
679001 9.28709
680001 9.28758
681001 9.28687
682001 9.28412
683001 9.2842
684001 9.28326
685001 9.28173
686001 9.2792
687001 9.27772
688001 9.27701
689001 9.27751
690001 9.27714
691001 9.27693
692001 9.27363
693001 9.27395
694001 9.27185
695001 9.27225
696001 9.27037
697001 9.27149
698001 9.27254
699001 9.27134
700001 9.26962
701001 9.26898
702001 9.26648
703001 9.26528
704001 9.2652
705001 9.26473
706001 9.26327
707001 9.26372
708001 9.26354
709001 9.26315
710001 9.26155
711001 9.2619
712001 9.26267
713001 9.26265
714001 9.26134
715001 9.26269
716001 9.26362
717001 9.26405
718001 9.26289
719001 9.26037
720001 9.26058
721001 9.26104
722001 9.26038
723001 9.25816
724001 9.25854
725001 9.25754
726001 9.25859
727001 9.2577
728001 9.25862
729001 9.25812
730001 9.25917
731001 9.25964
732001 9.25931
733001 9.25932
734001 9.25762
735001 9.25736
736001 9.25711
737001 9.25621
738001 9.25428
739001 9.25548
740001 9.2541
741001 9.25473
742001 9.25372
743001 9.25273
744001 9.25381
745001 9.2523
746001 9.25318
747001 9.25961
748001 9.26025
749001 9.25954
750001 9.25886
751001 9.26047
752001 9.25869
753001 9.25858
754001 9.25767
755001 9.25645
756001 9.25513
757001 9.25433
758001 9.2533
759001 9.25329
760001 9.25544
761001 9.25547
762001 9.25565
763001 9.25603
764001 9.25555
765001 9.25738
766001 9.25779
767001 9.25747
768001 9.26181
769001 9.25882
770001 9.25821
771001 9.25873
772001 9.25875
773001 9.26036
774001 9.26022
775001 9.26068
776001 9.25953
777001 9.25995
778001 9.26225
779001 9.26256
780001 9.26367
781001 9.26412
782001 9.26228
783001 9.26142
784001 9.25921
785001 9.26071
786001 9.26042
787001 9.25928
788001 9.25915
789001 9.25868
790001 9.25816
791001 9.25894
792001 9.25825
793001 9.2585
794001 9.25804
795001 9.25931
796001 9.25934
797001 9.26069
798001 9.26391
799001 9.26363
800001 9.26467
801001 9.26565
802001 9.2671
803001 9.26687
804001 9.26692
805001 9.26823
806001 9.26749
807001 9.26741
808001 9.26738
809001 9.26804
810001 9.26715
811001 9.26585
812001 9.26528
813001 9.26328
814001 9.26351
815001 9.26212
816001 9.26385
817001 9.26374
818001 9.26486
819001 9.26369
820001 9.26496
821001 9.26522
822001 9.26809
823001 9.26856
824001 9.26865
825001 9.26806
826001 9.2672
827001 9.26724
828001 9.26788
829001 9.2679
830001 9.26977
831001 9.2694
832001 9.26924
833001 9.27057
834001 9.27236
835001 9.27212
836001 9.2709
837001 9.27148
838001 9.27136
839001 9.27282
840001 9.27298
841001 9.27369
842001 9.27441
843001 9.27294
844001 9.27197
845001 9.27272
846001 9.27376
847001 9.27565
848001 9.27626
849001 9.27803
850001 9.27734
851001 9.27691
852001 9.27646
853001 9.27639
854001 9.27712
855001 9.2769
856001 9.27775
857001 9.27916
858001 9.27992
859001 9.28369
860001 9.28317
861001 9.28313
862001 9.2842
863001 9.2831
864001 9.28414
865001 9.28365
866001 9.28333
867001 9.28235
868001 9.28164
869001 9.28238
870001 9.28196
871001 9.28338
872001 9.28348
873001 9.28437
874001 9.28673
875001 9.28679
876001 9.2858
877001 9.28684
878001 9.28553
879001 9.28623
880001 9.28764
881001 9.28675
882001 9.28795
883001 9.28963
884001 9.29099
885001 9.29085
886001 9.29085
887001 9.29254
888001 9.29414
889001 9.29281
890001 9.29224
891001 9.29444
892001 9.29579
893001 9.29442
894001 9.29497
895001 9.29468
896001 9.29495
897001 9.29609
898001 9.29735
899001 9.29879
900001 9.29846
901001 9.29707
902001 9.29691
903001 9.30121
904001 9.30046
905001 9.30133
906001 9.30108
907001 9.30171
908001 9.30113
909001 9.30202
910001 9.30347
911001 9.30592
912001 9.3065
913001 9.30658
914001 9.30578
915001 9.30344
916001 9.30412
917001 9.30645
918001 9.30572
919001 9.30771
920001 9.30691
921001 9.30734
922001 9.30801
923001 9.30667
924001 9.30661
925001 9.30852
926001 9.30678
927001 9.30853
928001 9.31089
929001 9.31129
930001 9.31096
931001 9.31293
932001 9.31359
933001 9.31522
934001 9.31604
935001 9.31728
936001 9.32012
937001 9.31898
938001 9.31979
939001 9.32142
940001 9.32095
941001 9.32149
942001 9.32212
943001 9.32245
944001 9.32185
945001 9.32361
946001 9.32482
947001 9.3252
948001 9.32709
949001 9.32561
950001 9.32427
951001 9.32591
952001 9.3264
953001 9.32547
954001 9.32557
955001 9.32515
956001 9.32547
957001 9.32654
958001 9.32699
959001 9.32528
960001 9.3253
961001 9.32677
962001 9.3272
963001 9.3292
964001 9.3297
965001 9.33064
966001 9.32991
967001 9.32856
968001 9.32913
969001 9.33019
970001 9.33146
971001 9.33213
972001 9.33353
973001 9.33715
974001 9.33852
975001 9.34001
976001 9.3402
977001 9.34256
978001 9.34317
979001 9.34161
980001 9.34272
981001 9.343
982001 9.3426
983001 9.34179
984001 9.34158
985001 9.34084
986001 9.34061
987001 9.34257
988001 9.34251
989001 9.34394
990001 9.34352
991001 9.34389
992001 9.34654
993001 9.3486
994001 9.34882
995001 9.34791
996001 9.34834
997001 9.34835
998001 9.34655
999001 9.34969
1000001 9.34998
1001001 9.34899
1002001 9.34975
1003001 9.3511
1004001 9.35362
1005001 9.35654
1006001 9.35503
1007001 9.35568
1008001 9.35507
1009001 9.35385
1010001 9.35502
1011001 9.35528
1012001 9.3567
1013001 9.35658
1014001 9.35757
1015001 9.35945
1016001 9.36083
1017001 9.36031
1018001 9.36135
1019001 9.36211
1020001 9.36057
1021001 9.36034
1022001 9.36121
1023001 9.36332
1024001 9.36327
1025001 9.36428
1026001 9.36615
1027001 9.36651
1028001 9.36662
1029001 9.36743
1030001 9.36887
1031001 9.36944
1032001 9.37045
1033001 9.3705
1034001 9.37002
1035001 9.36934
1036001 9.37218
1037001 9.37242
1038001 9.37325
1039001 9.37394
1040001 9.3738
1041001 9.37605
1042001 9.3757
1043001 9.37436
1044001 9.37488
1045001 9.37541
1046001 9.37565
1047001 9.37618
1048001 9.37832
1049001 9.37912
1050001 9.37923
1051001 9.37908
1052001 9.38008
1053001 9.3824
1054001 9.38332
1055001 9.38517
1056001 9.3854
1057001 9.38757
1058001 9.38677
1059001 9.38651
1060001 9.38616
1061001 9.38902
1062001 9.39043
1063001 9.3926
1064001 9.39285
1065001 9.39359
1066001 9.39449
1067001 9.39471
1068001 9.39475
1069001 9.3943
1070001 9.3963
1071001 9.39741
1072001 9.39969
1073001 9.40119
1074001 9.4021
1075001 9.40228
1076001 9.40158
1077001 9.40257
1078001 9.40308
1079001 9.40342
1080001 9.40453
1081001 9.4034
1082001 9.40475
1083001 9.40639
1084001 9.40739
1085001 9.40749
1086001 9.40998
1087001 9.40986
1088001 9.41075
1089001 9.41221
1090001 9.41445
1091001 9.4164
1092001 9.41869
1093001 9.42048
1094001 9.42324
1095001 9.42433
1096001 9.42453
1097001 9.42514
1098001 9.42553
1099001 9.42604
1100001 9.42724
1101001 9.42769
1102001 9.42666
1103001 9.43031
1104001 9.42952
1105001 9.42866
1106001 9.42869
1107001 9.42908
1108001 9.43086
1109001 9.4321
1110001 9.43274
1111001 9.43403
1112001 9.43401
1113001 9.43575
1114001 9.43802
1115001 9.43825
1116001 9.4378
1117001 9.43692
1118001 9.43894
1119001 9.43984
1120001 9.43842
1121001 9.43943
1122001 9.44063
1123001 9.4401
1124001 9.44144
1125001 9.44144
1126001 9.44122
1127001 9.441
1128001 9.44104
1129001 9.44025
1130001 9.43935
1131001 9.44061
1132001 9.44074
1133001 9.44068
1134001 9.4413
1135001 9.44092
1136001 9.44341
1137001 9.44397
1138001 9.44287
1139001 9.44469
1140001 9.44681
1141001 9.44767
1142001 9.45026
1143001 9.45031
1144001 9.45063
1145001 9.45139
1146001 9.45199
1147001 9.45238
1148001 9.45267
1149001 9.4533
1150001 9.45495
1151001 9.45608
1152001 9.45652
1153001 9.45698
1154001 9.45872
1155001 9.45889
1156001 9.46028
1157001 9.46077
1158001 9.46111
1159001 9.46365
1160001 9.46353
1161001 9.46437
1162001 9.46656
1163001 9.46776
1164001 9.46803
1165001 9.46799
1166001 9.467
1167001 9.46823
1168001 9.46928
1169001 9.46954
1170001 9.47271
1171001 9.4727
1172001 9.47422
1173001 9.47447
1174001 9.47655
1175001 9.47785
1176001 9.47957
1177001 9.47935
1178001 9.48051
1179001 9.47899
1180001 9.4787
1181001 9.48017
1182001 9.47998
1183001 9.48068
1184001 9.48158
1185001 9.48295
1186001 9.48314
1187001 9.48375
1188001 9.48395
1189001 9.48201
1190001 9.4838
1191001 9.48453
1192001 9.4845
1193001 9.48516
1194001 9.48768
1195001 9.48837
1196001 9.48861
1197001 9.48882
1198001 9.49027
1199001 9.49104
1200001 9.49114
1201001 9.49093
1202001 9.49243
1203001 9.49407
1204001 9.49348
1205001 9.49406
1206001 9.49535
1207001 9.49805
1208001 9.49774
1209001 9.4983
1210001 9.4985
1211001 9.49901
1212001 9.49931
1213001 9.50113
1214001 9.50253
1215001 9.50103
1216001 9.50298
1217001 9.50196
1218001 9.50087
1219001 9.50158
1220001 9.50439
1221001 9.50462
1222001 9.5064
1223001 9.50685
1224001 9.50664
1225001 9.50784
1226001 9.50886
1227001 9.50963
1228001 9.51081
1229001 9.50864
1230001 9.50897
1231001 9.51125
1232001 9.5114
1233001 9.51217
1234001 9.513
1235001 9.5123
1236001 9.51336
1237001 9.51483
1238001 9.51512
1239001 9.51747
1240001 9.51602
1241001 9.51668
1242001 9.51666
1243001 9.51723
1244001 9.5192
1245001 9.52106
1246001 9.52103
1247001 9.52284
1248001 9.52435
1249001 9.52562
1250001 9.52763
1251001 9.52953
1252001 9.52888
1253001 9.53083
1254001 9.52987
1255001 9.53122
1256001 9.53247
1257001 9.5327
1258001 9.53248
1259001 9.5333
1260001 9.53677
1261001 9.53702
1262001 9.53783
1263001 9.53691
1264001 9.53579
1265001 9.53631
1266001 9.53793
1267001 9.53653
1268001 9.53699
1269001 9.53864
1270001 9.53874
1271001 9.53749
1272001 9.53811
1273001 9.53794
1274001 9.53919
1275001 9.53913
1276001 9.53938
1277001 9.54113
1278001 9.54165
1279001 9.54127
1280001 9.5426
1281001 9.54386
1282001 9.54309
1283001 9.54336
1284001 9.54454
1285001 9.54468
1286001 9.54572
1287001 9.54702
1288001 9.54961
1289001 9.55025
1290001 9.55082
1291001 9.55024
1292001 9.55008
1293001 9.5511
1294001 9.55172
1295001 9.55171
1296001 9.55278
1297001 9.55974
1298001 9.56078
1299001 9.56422
1300001 9.56394
1301001 9.56491
1302001 9.5653
1303001 9.56489
1304001 9.56725
1305001 9.56848
1306001 9.57136
1307001 9.57229
1308001 9.57252
1309001 9.57322
1310001 9.57405
1311001 9.57593
1312001 9.57615
1313001 9.57713
1314001 9.57722
1315001 9.57797
1316001 9.57844
1317001 9.58029
1318001 9.58075
1319001 9.58064
1320001 9.5815
1321001 9.5834
1322001 9.58497
1323001 9.58452
1324001 9.59018
1325001 9.58885
1326001 9.58903
1327001 9.58821
1328001 9.58853
1329001 9.58949
1330001 9.59031
1331001 9.59152
1332001 9.59195
1333001 9.59248
1334001 9.59407
1335001 9.59533
1336001 9.59815
1337001 9.59725
1338001 9.59645
1339001 9.59638
1340001 9.59698
1341001 9.59645
1342001 9.59566
1343001 9.60073
1344001 9.60047
1345001 9.60191
1346001 9.60284
1347001 9.60264
1348001 9.60422
1349001 9.60307
1350001 9.60646
1351001 9.60611
1352001 9.60641
1353001 9.60759
1354001 9.60807
1355001 9.6083
1356001 9.60771
1357001 9.60881
1358001 9.60949
1359001 9.60927
1360001 9.60964
1361001 9.60972
1362001 9.61068
1363001 9.61173
1364001 9.61253
1365001 9.61443
1366001 9.61417
1367001 9.61432
1368001 9.61578
1369001 9.61587
1370001 9.61584
1371001 9.61541
1372001 9.61542
1373001 9.61675
1374001 9.61884
1375001 9.62041
1376001 9.62153
1377001 9.62253
1378001 9.6223
1379001 9.62382
1380001 9.62667
1381001 9.62742
1382001 9.62782
1383001 9.6273
1384001 9.62812
1385001 9.62924
1386001 9.63045
1387001 9.6323
1388001 9.63295
1389001 9.6331
1390001 9.63374
1391001 9.6325
1392001 9.63305
1393001 9.6337
1394001 9.63471
1395001 9.63478
1396001 9.63627
1397001 9.63714
1398001 9.63683
1399001 9.63742
1400001 9.63902
1401001 9.64069
1402001 9.64052
1403001 9.64259
1404001 9.64367
1405001 9.64573
1406001 9.64699
1407001 9.64734
1408001 9.64703
1409001 9.64829
1410001 9.64985
1411001 9.65048
1412001 9.65127
1413001 9.65232
1414001 9.65286
1415001 9.65375
1416001 9.65455
1417001 9.65486
1418001 9.65495
1419001 9.65667
1420001 9.65519
1421001 9.65541
1422001 9.65537
1423001 9.65441
1424001 9.65437
1425001 9.65591
1426001 9.65603
1427001 9.65821
1428001 9.65934
1429001 9.65778
1430001 9.65878
1431001 9.66137
1432001 9.66289
1433001 9.66396
1434001 9.66453
1435001 9.66482
1436001 9.66525
1437001 9.66724
1438001 9.66901
1439001 9.67109
1440001 9.67183
1441001 9.67245
1442001 9.67469
1443001 9.67768
1444001 9.67818
1445001 9.67909
1446001 9.68181
1447001 9.68984
1448001 9.6893
1449001 9.68848
1450001 9.68856
1451001 9.6927
1452001 9.69168
1453001 9.69173
1454001 9.69329
1455001 9.69504
1456001 9.69545
1457001 9.69646
1458001 9.6972
1459001 9.69831
1460001 9.69942
1461001 9.69911
1462001 9.69944
1463001 9.69863
1464001 9.6998
1465001 9.69933
1466001 9.69901
1467001 9.69836
1468001 9.699
1469001 9.69978
1470001 9.70102
1471001 9.70273
1472001 9.70311
1473001 9.70327
1474001 9.70431
1475001 9.70412
1476001 9.70402
1477001 9.70543
1478001 9.7071
1479001 9.70644
1480001 9.70866
1481001 9.71006
1482001 9.70914
1483001 9.70953
1484001 9.70977
1485001 9.7107
1486001 9.71069
1487001 9.71123
1488001 9.7121
1489001 9.71186
1490001 9.71123
1491001 9.71136
1492001 9.71287
1493001 9.7143
1494001 9.71386
1495001 9.71553
1496001 9.71601
1497001 9.71665
1498001 9.71844
1499001 9.71886
1500001 9.71752
1501001 9.71958
1502001 9.72121
1503001 9.7212
1504001 9.72062
1505001 9.72141
1506001 9.7224
1507001 9.72272
1508001 9.72462
1509001 9.7263
1510001 9.72598
1511001 9.72497
1512001 9.72604
1513001 9.72714
1514001 9.72794
1515001 9.7279
1516001 9.72815
1517001 9.73176
1518001 9.73184
1519001 9.7331
1520001 9.73483
1521001 9.73611
1522001 9.73587
1523001 9.73572
1524001 9.73704
1525001 9.73793
1526001 9.73709
1527001 9.73814
1528001 9.73891
1529001 9.73682
1530001 9.73762
1531001 9.73922
1532001 9.74108
1533001 9.74361
1534001 9.74322
1535001 9.74542
1536001 9.74482
1537001 9.7447
1538001 9.74877
1539001 9.74914
1540001 9.75089
1541001 9.75083
1542001 9.75238
1543001 9.75339
1544001 9.75351
1545001 9.75365
1546001 9.7546
1547001 9.753
1548001 9.75233
1549001 9.75221
1550001 9.75158
1551001 9.75391
1552001 9.75364
1553001 9.7527
1554001 9.75283
1555001 9.75315
1556001 9.75531
1557001 9.75514
1558001 9.75561
1559001 9.75499
1560001 9.75447
1561001 9.75516
1562001 9.75677
1563001 9.75846
1564001 9.75927
1565001 9.75962
1566001 9.75995
1567001 9.76129
1568001 9.76057
1569001 9.76164
1570001 9.763
1571001 9.76315
1572001 9.76503
1573001 9.76567
1574001 9.76496
1575001 9.7645
1576001 9.76395
1577001 9.76551
1578001 9.76619
1579001 9.76535
1580001 9.76658
1581001 9.76875
1582001 9.76976
1583001 9.77047
1584001 9.77185
1585001 9.77231
1586001 9.77235
1587001 9.77262
1588001 9.77392
1589001 9.77596
1590001 9.77697
1591001 9.77837
1592001 9.7809
1593001 9.7826
1594001 9.78298
1595001 9.78474
1596001 9.78615
1597001 9.78783
1598001 9.78724
1599001 9.78786
1600001 9.78822
1601001 9.78945
1602001 9.79013
1603001 9.79172
1604001 9.79149
1605001 9.79282
1606001 9.79424
1607001 9.79502
1608001 9.79407
1609001 9.79476
1610001 9.79662
1611001 9.79711
1612001 9.80026
1613001 9.80114
1614001 9.80485
1615001 9.80546
1616001 9.80732
1617001 9.8072
1618001 9.80794
1619001 9.80806
1620001 9.80847
1621001 9.80929
1622001 9.81136
1623001 9.81214
1624001 9.81391
1625001 9.81559
1626001 9.81689
1627001 9.81843
1628001 9.82123
1629001 9.82075
1630001 9.82119
1631001 9.82144
1632001 9.8206
1633001 9.82085
1634001 9.82283
1635001 9.82348
1636001 9.82344
1637001 9.82275
1638001 9.82358
1639001 9.82447
1640001 9.82606
1641001 9.8273
1642001 9.8258
1643001 9.82793
1644001 9.82749
1645001 9.82922
1646001 9.82864
1647001 9.82866
1648001 9.83094
1649001 9.83369
1650001 9.83433
1651001 9.8361
1652001 9.83447
1653001 9.83448
1654001 9.83438
1655001 9.83557
1656001 9.83451
1657001 9.83478
1658001 9.83644
1659001 9.83676
1660001 9.83745
1661001 9.83776
1662001 9.84111
1663001 9.84267
1664001 9.84248
1665001 9.84408
1666001 9.84432
1667001 9.84306
1668001 9.84326
1669001 9.84446
1670001 9.84348
1671001 9.84473
1672001 9.84547
1673001 9.84696
1674001 9.84794
1675001 9.84824
1676001 9.85017
1677001 9.84985
1678001 9.85101
1679001 9.85206
1680001 9.85165
1681001 9.85442
1682001 9.85478
1683001 9.85541
1684001 9.85449
1685001 9.85685
1686001 9.85828
1687001 9.85876
1688001 9.86131
1689001 9.86112
1690001 9.86101
1691001 9.86282
1692001 9.86249
1693001 9.86262
1694001 9.86161
1695001 9.86272
1696001 9.86411
1697001 9.86574
1698001 9.86768
1699001 9.86895
1700001 9.86999
1701001 9.87089
1702001 9.87131
1703001 9.87164
1704001 9.87321
1705001 9.87169
1706001 9.87201
1707001 9.87323
1708001 9.87229
1709001 9.87397
1710001 9.87551
1711001 9.87536
1712001 9.87522
1713001 9.87677
1714001 9.87635
1715001 9.87622
1716001 9.87617
1717001 9.87696
1718001 9.87985
1719001 9.8814
1720001 9.88043
1721001 9.88119
1722001 9.88417
1723001 9.88452
1724001 9.88585
1725001 9.88592
1726001 9.88647
1727001 9.88648
1728001 9.88753
1729001 9.88665
1730001 9.88877
1731001 9.88916
1732001 9.88908
1733001 9.88765
1734001 9.88718
1735001 9.8875
1736001 9.88881
1737001 9.88812
1738001 9.88979
1739001 9.89047
1740001 9.89036
1741001 9.891
1742001 9.89065
1743001 9.89151
1744001 9.89229
1745001 9.89248
1746001 9.89176
1747001 9.89259
1748001 9.89353
1749001 9.89349
1750001 9.89454
1751001 9.89602
1752001 9.8965
1753001 9.89581
1754001 9.89578
1755001 9.89804
1756001 9.89842
1757001 9.89846
1758001 9.90098
1759001 9.90197
1760001 9.90333
1761001 9.9048
1762001 9.90635
1763001 9.9059
1764001 9.90546
1765001 9.906
1766001 9.9067
1767001 9.90593
1768001 9.90596
1769001 9.90744
1770001 9.90827
1771001 9.909
1772001 9.91073
1773001 9.91143
1774001 9.91342
1775001 9.91354
1776001 9.9144
1777001 9.91478
1778001 9.91495
1779001 9.9158
1780001 9.91644
1781001 9.91571
1782001 9.91773
1783001 9.91613
1784001 9.91641
1785001 9.91686
1786001 9.91778
1787001 9.91767
1788001 9.91898
1789001 9.91957
1790001 9.92015
1791001 9.92015
1792001 9.91877
1793001 9.91978
1794001 9.91955
1795001 9.92082
1796001 9.9244
1797001 9.92547
1798001 9.92717
1799001 9.92852
1800001 9.9307
1801001 9.93094
1802001 9.9316
1803001 9.93198
1804001 9.93437
1805001 9.9344
1806001 9.93416
1807001 9.93672
1808001 9.9377
1809001 9.93908
1810001 9.94043
1811001 9.94025
1812001 9.93909
1813001 9.9393
1814001 9.93944
1815001 9.93956
1816001 9.9402
1817001 9.94217
1818001 9.94286
1819001 9.94509
1820001 9.94605
1821001 9.94528
1822001 9.94764
1823001 9.94741
1824001 9.94532
1825001 9.94474
1826001 9.94577
1827001 9.94707
1828001 9.94775
1829001 9.95123
1830001 9.95191
1831001 9.95278
1832001 9.95279
1833001 9.9519
1834001 9.95194
1835001 9.95241
1836001 9.95185
1837001 9.95313
1838001 9.95253
1839001 9.95406
1840001 9.95531
1841001 9.95634
1842001 9.95626
1843001 9.9577
1844001 9.95823
1845001 9.95901
1846001 9.95905
1847001 9.95774
1848001 9.95787
1849001 9.95868
1850001 9.96001
1851001 9.96113
1852001 9.96072
1853001 9.96151
1854001 9.96229
1855001 9.96326
1856001 9.96271
1857001 9.96336
1858001 9.96361
1859001 9.96364
1860001 9.96469
1861001 9.96484
1862001 9.96686
1863001 9.96858
1864001 9.96832
1865001 9.96867
1866001 9.96947
1867001 9.97073
1868001 9.97117
1869001 9.96896
1870001 9.96904
1871001 9.96947
1872001 9.97063
1873001 9.97126
1874001 9.97283
1875001 9.97426
1876001 9.97486
1877001 9.97401
1878001 9.9742
1879001 9.97407
1880001 9.97393
1881001 9.97565
1882001 9.97482
1883001 9.97654
1884001 9.97664
1885001 9.97789
1886001 9.97656
1887001 9.97637
1888001 9.97612
1889001 9.97723
1890001 9.97677
1891001 9.97827
1892001 9.97955
1893001 9.98047
1894001 9.98156
1895001 9.98196
1896001 9.9841
1897001 9.98509
1898001 9.98651
1899001 9.9862
1900001 9.98751
1901001 9.98797
1902001 9.98849
1903001 9.98859
1904001 9.98876
1905001 9.99162
1906001 9.99263
1907001 9.99386
1908001 9.9928
1909001 9.99309
1910001 9.99415
1911001 9.99502
1912001 9.99574
1913001 9.99781
1914001 10.0003
1915001 10.0016
1916001 10.0021
1917001 10.002
1918001 10.0024
1919001 10.0025
1920001 10.0024
1921001 10.003
1922001 10.0024
1923001 10.0029
1924001 10.0034
1925001 10.0026
1926001 10.0042
1927001 10.0062
1928001 10.007
1929001 10.0082
1930001 10.0093
1931001 10.0107
1932001 10.0103
1933001 10.0089
1934001 10.0091
1935001 10.0088
1936001 10.0097
1937001 10.0109
1938001 10.011
1939001 10.0119
1940001 10.0121
1941001 10.0124
1942001 10.014
1943001 10.0165
1944001 10.017
1945001 10.0178
1946001 10.0183
1947001 10.0199
1948001 10.0221
1949001 10.0236
1950001 10.0251
1951001 10.0261
1952001 10.0299
1953001 10.0301
1954001 10.0303
1955001 10.0292
1956001 10.0288
1957001 10.0284
1958001 10.0288
1959001 10.0283
1960001 10.0291
1961001 10.0295
1962001 10.03
1963001 10.0318
1964001 10.0336
1965001 10.0351
1966001 10.0364
1967001 10.0375
1968001 10.0388
1969001 10.039
1970001 10.0378
1971001 10.0398
1972001 10.0401
1973001 10.0386
1974001 10.0379
1975001 10.0385
1976001 10.0377
1977001 10.0385
1978001 10.038
1979001 10.0395
1980001 10.0395
1981001 10.0407
1982001 10.0414
1983001 10.0419
1984001 10.0422
1985001 10.0433
1986001 10.0454
1987001 10.0467
1988001 10.0474
1989001 10.0469
1990001 10.0496
1991001 10.0483
1992001 10.0471
1993001 10.0473
1994001 10.0473
1995001 10.0479
1996001 10.0491
1997001 10.0488
1998001 10.0484
1999001 10.0477
