1 99.796
1001 21.0743
2001 15.6266
3001 13.0751
4001 11.5452
5001 10.4559
6001 9.6731
7001 9.12812
8001 8.63547
9001 8.25128
10001 7.92294
11001 7.64337
12001 7.40097
13001 7.18679
14001 6.99374
15001 6.8151
16001 6.65073
17001 6.48912
18001 6.34853
19001 6.23083
20001 6.09914
21001 5.98011
22001 5.86805
23001 5.74872
24001 5.64124
25001 5.54419
26001 5.45751
27001 5.37184
28001 5.27877
29001 5.1946
30001 5.11095
31001 5.02051
32001 4.94182
33001 4.86412
34001 4.79874
35001 4.72497
36001 4.65312
37001 4.59123
38001 4.52295
39001 4.45459
40001 4.39654
41001 4.3313
42001 4.27706
43001 4.22076
44001 4.16634
45001 4.10666
46001 4.05306
47001 3.99706
48001 3.93977
49001 3.89247
50001 3.8447
51001 3.79143
52001 3.7468
53001 3.70077
54001 3.64918
55001 3.60277
56001 3.56528
57001 3.52352
58001 3.48232
59001 3.43187
60001 3.39638
61001 3.35822
62001 3.3138
63001 3.2782
64001 3.2387
65001 3.20534
66001 3.16749
67001 3.12776
68001 3.09959
69001 3.06322
70001 3.02556
71001 2.99494
72001 2.96123
73001 2.92833
74001 2.89487
75001 2.865
76001 2.83902
77001 2.80565
78001 2.77872
79001 2.74924
80001 2.72455
81001 2.69085
82001 2.66725
83001 2.64093
84001 2.61299
85001 2.58789
86001 2.56532
87001 2.54153
88001 2.51029
89001 2.48463
90001 2.46446
91001 2.44361
92001 2.42156
93001 2.40086
94001 2.37455
95001 2.3504
96001 2.33252
97001 2.31254
98001 2.28917
99001 2.26797
100001 2.25024
101001 2.2314
102001 2.20973
103001 2.19058
104001 2.17021
105001 2.15209
106001 2.13578
107001 2.11906
108001 2.09811
109001 2.08338
110001 2.06002
111001 2.04217
112001 2.02901
113001 2.01479
114001 1.99815
115001 1.98094
116001 1.96488
117001 1.95153
118001 1.9357
119001 1.91884
120001 1.90386
121001 1.89351
122001 1.879
123001 1.86244
124001 1.84934
125001 1.8348
126001 1.8194
127001 1.80879
128001 1.79671
129001 1.78329
130001 1.77261
131001 1.75627
132001 1.74487
133001 1.73527
134001 1.72684
135001 1.71383
136001 1.70166
137001 1.68681
138001 1.67772
139001 1.6664
140001 1.65737
141001 1.6459
142001 1.63429
143001 1.62412
144001 1.61502
145001 1.60421
146001 1.59569
147001 1.58896
148001 1.57654
149001 1.56689
150001 1.55601
151001 1.54712
152001 1.53858
153001 1.52829
154001 1.51973
155001 1.51251
156001 1.50548
157001 1.49656
158001 1.48716
159001 1.48025
160001 1.47153
161001 1.46436
162001 1.4561
163001 1.44871
164001 1.4406
165001 1.43416
166001 1.42515
167001 1.41766
168001 1.4116
169001 1.40469
170001 1.39683
171001 1.3893
172001 1.38191
173001 1.37655
174001 1.37012
175001 1.36441
176001 1.35523
177001 1.35054
178001 1.34273
179001 1.33882
180001 1.33083
181001 1.32536
182001 1.31947
183001 1.31246
184001 1.30548
185001 1.30177
186001 1.29755
187001 1.29046
188001 1.2856
189001 1.28017
190001 1.27489
191001 1.26873
192001 1.26244
193001 1.25799
194001 1.25305
195001 1.24775
196001 1.24325
197001 1.23588
198001 1.23097
199001 1.22894
200001 1.22175
201001 1.21601
202001 1.21102
203001 1.20648
204001 1.20371
205001 1.19926
206001 1.1934
207001 1.18905
208001 1.18492
209001 1.17925
210001 1.17571
211001 1.17323
212001 1.16909
213001 1.16416
214001 1.16028
215001 1.15646
216001 1.15063
217001 1.14818
218001 1.14495
219001 1.1402
220001 1.13962
221001 1.13383
222001 1.13058
223001 1.12752
224001 1.12579
225001 1.12006
226001 1.11672
227001 1.11392
228001 1.11186
229001 1.10857
230001 1.10554
231001 1.10063
232001 1.09736
233001 1.09471
234001 1.09083
235001 1.08782
236001 1.08588
237001 1.0838
238001 1.081
239001 1.07792
240001 1.07406
241001 1.07151
242001 1.07033
243001 1.06576
244001 1.06376
245001 1.06014
246001 1.05788
247001 1.05506
248001 1.05206
249001 1.04743
250001 1.04468
251001 1.04326
252001 1.04064
253001 1.03903
254001 1.03872
255001 1.03375
256001 1.03037
257001 1.02804
258001 1.02726
259001 1.02574
260001 1.0222
261001 1.02114
262001 1.02126
263001 1.01577
264001 1.01489
265001 1.01344
266001 1.00892
267001 1.00683
268001 1.0035
269001 1.00088
270001 0.999525
271001 0.99838
272001 0.995592
273001 0.995098
274001 0.993785
275001 0.992838
276001 0.989825
277001 0.988741
278001 0.985087
279001 0.983781
280001 0.982594
281001 0.981028
282001 0.978618
283001 0.976542
284001 0.975115
285001 0.971983
286001 0.970738
287001 0.972029
288001 0.968916
289001 0.966322
290001 0.967123
291001 0.964577
292001 0.963759
293001 0.962624
294001 0.960838
295001 0.958103
296001 0.955789
297001 0.954402
298001 0.953611
299001 0.951034
300001 0.949669
301001 0.947573
302001 0.94762
303001 0.946866
304001 0.946013
305001 0.942231
306001 0.940556
307001 0.939418
308001 0.939313
309001 0.93854
310001 0.937338
311001 0.935651
312001 0.93282
313001 0.932813
314001 0.932036
315001 0.931382
316001 0.927476
317001 0.928322
318001 0.925304
319001 0.924869
320001 0.924265
321001 0.923248
322001 0.921866
323001 0.919817
324001 0.920353
325001 0.918733
326001 0.917573
327001 0.917383
328001 0.915234
329001 0.914789
330001 0.913463
331001 0.91486
332001 0.912731
333001 0.91051
334001 0.909733
335001 0.908633
336001 0.907208
337001 0.907767
338001 0.907224
339001 0.905875
340001 0.903925
341001 0.903558
342001 0.903377
343001 0.901628
344001 0.900556
345001 0.898992
346001 0.899046
347001 0.898748
348001 0.89671
349001 0.895019
350001 0.894736
351001 0.89356
352001 0.892626
353001 0.891385
354001 0.892129
355001 0.89002
356001 0.889197
357001 0.888119
358001 0.888804
359001 0.886062
360001 0.885047
361001 0.883282
362001 0.884015
363001 0.882998
364001 0.882388
365001 0.88216
366001 0.881131
367001 0.879301
368001 0.880787
369001 0.878139
370001 0.877628
371001 0.876639
372001 0.876804
373001 0.876629
374001 0.874932
375001 0.875176
376001 0.874387
377001 0.872964
378001 0.873197
379001 0.87113
380001 0.871084
381001 0.868832
382001 0.869434
383001 0.869237
384001 0.868532
385001 0.868177
386001 0.86701
387001 0.866614
388001 0.867043
389001 0.866566
390001 0.865072
391001 0.86372
392001 0.863582
393001 0.862748
394001 0.862256
395001 0.861139
396001 0.860532
397001 0.861053
398001 0.861364
399001 0.860523
400001 0.858817
401001 0.857029
402001 0.856602
403001 0.856196
404001 0.855635
405001 0.854506
406001 0.853345
407001 0.85453
408001 0.854915
409001 0.853182
410001 0.853237
411001 0.853049
412001 0.850009
413001 0.851251
414001 0.85108
415001 0.851146
416001 0.849648
417001 0.850139
418001 0.848219
419001 0.848726
420001 0.847732
421001 0.847946
422001 0.848181
423001 0.846285
424001 0.847543
425001 0.846036
426001 0.845237
427001 0.845252
428001 0.84452
429001 0.845022
430001 0.844255
431001 0.843158
432001 0.842119
433001 0.842475
434001 0.842595
435001 0.840359
436001 0.841117
437001 0.840349
438001 0.840368
439001 0.838973
440001 0.838566
441001 0.83784
442001 0.838169
443001 0.838068
444001 0.836906
445001 0.836311
446001 0.836122
447001 0.837346
448001 0.836565
449001 0.834522
450001 0.83514
451001 0.834185
452001 0.834593
453001 0.833251
454001 0.833446
455001 0.832488
456001 0.831998
457001 0.83136
458001 0.831526
459001 0.830615
460001 0.829942
461001 0.830426
462001 0.830193
463001 0.830047
464001 0.830473
465001 0.831742
466001 0.830286
467001 0.829632
468001 0.830846
469001 0.829587
470001 0.828263
471001 0.827065
472001 0.827748
473001 0.826436
474001 0.826804
475001 0.825619
476001 0.825788
477001 0.824767
478001 0.824818
479001 0.825374
480001 0.824357
481001 0.823498
482001 0.823594
483001 0.823542
484001 0.821829
485001 0.821818
486001 0.822645
487001 0.82128
488001 0.821742
489001 0.822676
490001 0.821103
491001 0.819742
492001 0.820347
493001 0.82207
494001 0.819718
495001 0.819561
496001 0.819669
497001 0.819215
498001 0.819746
499001 0.819687
500001 0.819343
501001 0.819634
502001 0.819177
503001 0.819477
504001 0.817683
505001 0.818205
506001 0.817629
507001 0.817876
508001 0.816193
509001 0.817348
510001 0.81715
511001 0.816743
512001 0.816499
513001 0.815341
514001 0.815203
515001 0.815356
516001 0.814261
517001 0.814603
518001 0.812908
519001 0.813214
520001 0.811794
521001 0.813026
522001 0.812545
523001 0.813619
524001 0.812724
525001 0.812874
526001 0.813296
527001 0.813663
528001 0.814702
529001 0.812276
530001 0.811995
531001 0.812992
532001 0.812959
533001 0.811477
534001 0.810033
535001 0.809514
536001 0.810099
537001 0.809785
538001 0.810213
539001 0.809905
540001 0.809506
541001 0.80943
542001 0.80942
543001 0.807978
544001 0.807183
545001 0.807809
546001 0.80703
547001 0.806527
548001 0.806494
549001 0.80624
550001 0.806184
551001 0.807196
552001 0.807443
553001 0.805258
554001 0.80489
555001 0.804308
556001 0.804201
557001 0.803802
558001 0.804362
559001 0.804069
560001 0.803236
561001 0.803625
562001 0.803849
563001 0.805149
564001 0.803942
565001 0.803109
566001 0.80255
567001 0.803786
568001 0.803622
569001 0.804367
570001 0.803315
571001 0.802387
572001 0.804755
573001 0.803225
574001 0.803096
575001 0.80159
576001 0.802592
577001 0.802895
578001 0.801348
579001 0.800781
580001 0.801071
581001 0.800756
582001 0.799672
583001 0.80009
584001 0.799774
585001 0.799045
586001 0.799081
587001 0.799351
588001 0.799025
589001 0.799713
590001 0.79781
591001 0.7981
592001 0.799621
593001 0.79848
594001 0.797322
595001 0.798236
596001 0.797521
597001 0.797849
598001 0.798059
599001 0.7975
600001 0.796702
601001 0.797199
602001 0.797337
603001 0.797218
604001 0.795695
605001 0.796807
606001 0.796078
607001 0.795167
608001 0.796726
609001 0.796013
610001 0.795737
611001 0.796254
612001 0.794971
613001 0.794082
614001 0.795046
615001 0.795976
616001 0.795343
617001 0.794083
618001 0.795641
619001 0.794425
620001 0.793225
621001 0.794417
622001 0.79345
623001 0.793504
624001 0.794658
625001 0.794356
626001 0.794134
627001 0.793442
628001 0.792746
629001 0.792407
630001 0.792584
631001 0.79286
632001 0.793793
633001 0.793857
634001 0.794269
635001 0.794911
636001 0.795033
637001 0.794311
638001 0.792911
639001 0.792357
640001 0.792554
641001 0.791855
642001 0.791038
643001 0.791216
644001 0.791042
645001 0.790405
646001 0.790217
647001 0.789071
648001 0.790218
649001 0.78965
650001 0.78948
651001 0.789025
652001 0.790201
653001 0.789833
654001 0.789522
655001 0.788949
656001 0.790484
657001 0.789079
658001 0.789303
659001 0.788377
660001 0.790062
661001 0.788865
662001 0.788632
663001 0.787452
664001 0.788759
665001 0.787312
666001 0.786807
667001 0.787725
668001 0.787454
669001 0.787951
670001 0.787768
671001 0.787375
672001 0.789015
673001 0.788787
674001 0.789445
675001 0.789041
676001 0.788457
677001 0.789145
678001 0.787659
679001 0.788294
680001 0.78749
681001 0.787369
682001 0.786129
683001 0.786406
684001 0.787049
685001 0.785899
686001 0.786926
687001 0.786222
688001 0.78588
689001 0.7867
690001 0.787022
691001 0.786507
692001 0.785327
693001 0.785418
694001 0.784682
695001 0.784792
696001 0.784452
697001 0.785422
698001 0.785833
699001 0.785571
700001 0.784018
701001 0.784914
702001 0.783619
703001 0.784384
704001 0.783573
705001 0.783641
706001 0.783078
707001 0.783421
708001 0.782716
709001 0.783333
710001 0.782176
711001 0.783377
712001 0.783754
713001 0.783419
714001 0.783189
715001 0.786017
716001 0.785425
717001 0.785053
718001 0.785043
719001 0.783289
720001 0.783534
721001 0.783528
722001 0.783213
723001 0.78104
724001 0.78184
725001 0.781203
726001 0.781647
727001 0.780849
728001 0.781672
729001 0.780842
730001 0.780864
731001 0.782226
732001 0.781574
733001 0.781958
734001 0.78225
735001 0.780851
736001 0.780276
737001 0.780226
738001 0.779639
739001 0.779236
740001 0.779837
741001 0.780414
742001 0.779666
743001 0.778244
744001 0.778538
745001 0.779165
746001 0.777991
747001 0.780717
748001 0.779417
749001 0.779645
750001 0.779988
751001 0.780077
752001 0.780791
753001 0.780588
754001 0.780364
755001 0.779851
756001 0.778345
757001 0.778269
758001 0.777546
759001 0.777457
760001 0.777501
761001 0.777473
762001 0.778138
763001 0.77907
764001 0.778563
765001 0.778442
766001 0.77918
767001 0.779399
768001 0.779836
769001 0.778894
770001 0.777824
771001 0.779291
772001 0.778262
773001 0.778636
774001 0.777975
775001 0.779539
776001 0.777623
777001 0.778351
778001 0.77862
779001 0.778776
780001 0.778355
781001 0.778304
782001 0.778115
783001 0.77724
784001 0.77738
785001 0.777886
786001 0.776972
787001 0.777127
788001 0.777734
789001 0.77761
790001 0.776514
791001 0.7765
792001 0.775864
793001 0.776817
794001 0.777742
795001 0.777972
796001 0.77671
797001 0.777405
798001 0.778834
799001 0.778747
800001 0.779266
801001 0.779371
802001 0.777906
803001 0.778996
804001 0.777526
805001 0.777351
806001 0.777482
807001 0.77729
808001 0.778607
809001 0.77709
810001 0.777428
811001 0.776942
812001 0.77879
813001 0.778083
814001 0.776869
815001 0.775777
816001 0.77569
817001 0.774456
818001 0.777135
819001 0.775035
820001 0.775216
821001 0.775137
822001 0.775294
823001 0.775156
824001 0.775778
825001 0.775271
826001 0.774588
827001 0.775403
828001 0.774626
829001 0.774453
830001 0.776203
831001 0.775691
832001 0.774201
833001 0.77623
834001 0.776424
835001 0.775757
836001 0.775369
837001 0.774813
838001 0.775026
839001 0.774751
840001 0.775116
841001 0.775965
842001 0.775046
843001 0.77368
844001 0.77297
845001 0.773099
846001 0.773961
847001 0.773371
848001 0.772576
849001 0.775129
850001 0.774953
851001 0.773873
852001 0.773067
853001 0.772898
854001 0.772142
855001 0.773095
856001 0.772417
857001 0.773226
858001 0.772732
859001 0.773043
860001 0.772669
861001 0.773201
862001 0.772839
863001 0.771526
864001 0.772042
865001 0.772433
866001 0.771873
867001 0.772882
868001 0.772246
869001 0.772706
870001 0.772196
871001 0.772313
872001 0.77293
873001 0.771933
874001 0.772228
875001 0.771638
876001 0.770869
877001 0.7717
878001 0.771483
879001 0.771164
880001 0.772049
881001 0.772017
882001 0.771561
883001 0.771554
884001 0.77281
885001 0.771573
886001 0.771143
887001 0.771143
888001 0.77091
889001 0.770239
890001 0.770216
891001 0.771094
892001 0.771503
893001 0.771706
894001 0.771823
895001 0.77279
896001 0.771226
897001 0.771522
898001 0.772164
899001 0.771334
900001 0.771305
901001 0.770712
902001 0.771473
903001 0.771627
904001 0.77133
905001 0.77164
906001 0.771231
907001 0.770621
908001 0.770589
909001 0.770284
910001 0.770144
911001 0.769924
912001 0.771376
913001 0.770814
914001 0.770734
915001 0.768899
916001 0.769199
917001 0.770519
918001 0.76908
919001 0.770221
920001 0.769296
921001 0.769634
922001 0.768951
923001 0.76962
924001 0.768021
925001 0.769427
926001 0.76868
927001 0.768862
928001 0.768571
929001 0.76921
930001 0.769735
931001 0.76896
932001 0.769899
933001 0.770322
934001 0.769016
935001 0.770295
936001 0.769907
937001 0.769862
938001 0.769432
939001 0.769977
940001 0.767927
941001 0.769083
942001 0.768556
943001 0.769363
944001 0.769434
945001 0.768956
946001 0.769583
947001 0.768975
948001 0.76952
949001 0.767726
950001 0.767312
951001 0.768336
952001 0.768514
953001 0.767848
954001 0.768901
955001 0.767359
956001 0.768756
957001 0.768129
958001 0.76682
959001 0.766018
960001 0.766517
961001 0.767324
962001 0.767882
963001 0.768333
964001 0.76765
965001 0.7678
966001 0.767981
967001 0.767109
968001 0.767662
969001 0.766973
970001 0.767738
971001 0.767824
972001 0.76808
973001 0.767886
974001 0.767616
975001 0.768038
976001 0.770051
977001 0.769057
978001 0.76737
979001 0.767898
980001 0.768955
981001 0.76823
982001 0.766794
983001 0.765669
984001 0.765655
985001 0.765597
986001 0.765551
987001 0.76695
988001 0.767323
989001 0.766751
990001 0.765621
991001 0.765677
992001 0.765919
993001 0.767219
994001 0.767048
995001 0.767097
996001 0.766615
997001 0.765162
998001 0.765177
999001 0.765886
1000001 0.76565
1001001 0.7654
1002001 0.765235
1003001 0.76506
1004001 0.766404
1005001 0.766661
1006001 0.767056
1007001 0.765646
1008001 0.765826
1009001 0.765848
1010001 0.765249
1011001 0.766589
1012001 0.766041
1013001 0.766428
1014001 0.766043
1015001 0.767702
1016001 0.767253
1017001 0.765648
1018001 0.766152
1019001 0.766555
1020001 0.765905
1021001 0.764376
1022001 0.764802
1023001 0.765982
1024001 0.766438
1025001 0.765309
1026001 0.766363
1027001 0.766089
1028001 0.765554
1029001 0.765548
1030001 0.765508
1031001 0.767092
1032001 0.766296
1033001 0.765403
1034001 0.764411
1035001 0.764394
1036001 0.767146
1037001 0.765567
1038001 0.764622
1039001 0.766082
1040001 0.765471
1041001 0.766133
1042001 0.764189
1043001 0.765341
1044001 0.76508
1045001 0.763771
1046001 0.765263
1047001 0.763353
1048001 0.764234
1049001 0.763695
1050001 0.762985
1051001 0.762709
1052001 0.763572
1053001 0.762912
1054001 0.763317
1055001 0.764928
1056001 0.764442
1057001 0.765524
1058001 0.763269
1059001 0.763805
1060001 0.764117
1061001 0.765066
1062001 0.764202
1063001 0.763866
1064001 0.763925
1065001 0.764087
1066001 0.764753
1067001 0.764907
1068001 0.763263
1069001 0.764095
1070001 0.763695
1071001 0.763251
1072001 0.763789
1073001 0.763533
1074001 0.763325
1075001 0.763605
1076001 0.763588
1077001 0.764298
1078001 0.76347
1079001 0.763598
1080001 0.76337
1081001 0.76326
1082001 0.7633
1083001 0.763588
1084001 0.763549
1085001 0.763612
1086001 0.763504
1087001 0.763823
1088001 0.761873
1089001 0.76399
1090001 0.76463
1091001 0.763644
1092001 0.764388
1093001 0.764618
1094001 0.765214
1095001 0.765135
1096001 0.764416
1097001 0.764402
1098001 0.763247
1099001 0.763287
1100001 0.763515
1101001 0.762329
1102001 0.76167
1103001 0.763207
1104001 0.762358
1105001 0.762753
1106001 0.762825
1107001 0.762455
1108001 0.762184
1109001 0.762731
1110001 0.76303
1111001 0.764483
1112001 0.763817
1113001 0.764859
1114001 0.765167
1115001 0.765854
1116001 0.763841
1117001 0.763096
1118001 0.763813
1119001 0.762808
1120001 0.763047
1121001 0.762173
1122001 0.762899
1123001 0.762206
1124001 0.762375
1125001 0.762495
1126001 0.762892
1127001 0.762223
1128001 0.762209
1129001 0.761719
1130001 0.762158
1131001 0.761689
1132001 0.760584
1133001 0.760791
1134001 0.762399
1135001 0.761671
1136001 0.761939
1137001 0.762403
1138001 0.762263
1139001 0.763111
1140001 0.763024
1141001 0.762915
1142001 0.763557
1143001 0.76278
1144001 0.762233
1145001 0.761748
1146001 0.76218
1147001 0.761535
1148001 0.761748
1149001 0.76043
1150001 0.761929
1151001 0.761277
1152001 0.76135
1153001 0.761351
1154001 0.762539
1155001 0.762169
1156001 0.762181
1157001 0.762245
1158001 0.761699
1159001 0.761661
1160001 0.761164
1161001 0.760008
1162001 0.761656
1163001 0.761274
1164001 0.76175
1165001 0.760718
1166001 0.761242
1167001 0.760588
1168001 0.760008
1169001 0.760621
1170001 0.760823
1171001 0.760821
1172001 0.761132
1173001 0.760285
1174001 0.760805
1175001 0.760384
1176001 0.761209
1177001 0.762031
1178001 0.76093
1179001 0.761514
1180001 0.760162
1181001 0.761499
1182001 0.761687
1183001 0.762059
1184001 0.762127
1185001 0.76191
1186001 0.761738
1187001 0.762332
1188001 0.761749
1189001 0.761701
1190001 0.761806
1191001 0.760869
1192001 0.761428
1193001 0.761389
1194001 0.76122
1195001 0.761688
1196001 0.761125
1197001 0.760953
1198001 0.760386
1199001 0.761596
1200001 0.760586
1201001 0.760093
1202001 0.759463
1203001 0.759973
1204001 0.760697
1205001 0.760384
1206001 0.759795
1207001 0.761242
1208001 0.760895
1209001 0.760252
1210001 0.760123
1211001 0.760421
1212001 0.75928
1213001 0.75986
1214001 0.759856
1215001 0.7597
1216001 0.760325
1217001 0.759683
1218001 0.758686
1219001 0.75863
1220001 0.759163
1221001 0.757737
1222001 0.75898
1223001 0.759422
1224001 0.759585
1225001 0.759145
1226001 0.759372
1227001 0.759464
1228001 0.759993
1229001 0.759311
1230001 0.759396
1231001 0.758892
1232001 0.759803
1233001 0.759981
1234001 0.759844
1235001 0.759367
1236001 0.759061
1237001 0.759312
1238001 0.758211
1239001 0.759134
1240001 0.758511
1241001 0.75831
1242001 0.758296
1243001 0.757569
1244001 0.758093
1245001 0.758998
1246001 0.758893
1247001 0.759075
1248001 0.758728
1249001 0.75958
1250001 0.760446
1251001 0.759577
1252001 0.759057
1253001 0.759682
1254001 0.758774
1255001 0.758722
1256001 0.760004
1257001 0.759501
1258001 0.760203
1259001 0.759179
1260001 0.759846
1261001 0.761247
1262001 0.761415
1263001 0.761408
1264001 0.759491
1265001 0.760516
1266001 0.759922
1267001 0.758957
1268001 0.759516
1269001 0.759237
1270001 0.759488
1271001 0.759422
1272001 0.759018
1273001 0.759408
1274001 0.759242
1275001 0.758513
1276001 0.758682
1277001 0.759496
1278001 0.759597
1279001 0.758559
1280001 0.760263
1281001 0.758601
1282001 0.759433
1283001 0.759968
1284001 0.759758
1285001 0.759217
1286001 0.75867
1287001 0.759017
1288001 0.75797
1289001 0.758819
1290001 0.759089
1291001 0.756825
1292001 0.758088
1293001 0.757832
1294001 0.756269
1295001 0.757103
1296001 0.757098
1297001 0.758611
1298001 0.758666
1299001 0.758768
1300001 0.758361
1301001 0.758677
1302001 0.758548
1303001 0.758012
1304001 0.759243
1305001 0.758059
1306001 0.758814
1307001 0.758321
1308001 0.758168
1309001 0.758843
1310001 0.757778
1311001 0.758501
1312001 0.758237
1313001 0.757749
1314001 0.758867
1315001 0.758676
1316001 0.760479
1317001 0.759694
1318001 0.760046
1319001 0.759373
1320001 0.759016
1321001 0.760166
1322001 0.75919
1323001 0.761108
1324001 0.761627
1325001 0.760392
1326001 0.759665
1327001 0.759131
1328001 0.758834
1329001 0.75874
1330001 0.758134
1331001 0.758391
1332001 0.758066
1333001 0.759044
1334001 0.759467
1335001 0.75929
1336001 0.760065
1337001 0.758462
1338001 0.759668
1339001 0.759032
1340001 0.758209
1341001 0.759174
1342001 0.758171
1343001 0.758307
1344001 0.759633
1345001 0.759852
1346001 0.759072
1347001 0.758289
1348001 0.75848
1349001 0.757081
1350001 0.757346
1351001 0.757515
1352001 0.757309
1353001 0.758201
1354001 0.75757
1355001 0.756883
1356001 0.75753
1357001 0.75703
1358001 0.757625
1359001 0.757228
1360001 0.758044
1361001 0.756787
1362001 0.756676
1363001 0.757269
1364001 0.756987
1365001 0.757292
1366001 0.757035
1367001 0.756335
1368001 0.756578
1369001 0.755779
1370001 0.756645
1371001 0.756317
1372001 0.754904
1373001 0.75617
1374001 0.757695
1375001 0.757355
1376001 0.757593
1377001 0.759057
1378001 0.758241
1379001 0.756777
1380001 0.757694
1381001 0.757341
1382001 0.757474
1383001 0.757395
1384001 0.757874
1385001 0.757507
1386001 0.758208
1387001 0.758629
1388001 0.757113
1389001 0.758114
1390001 0.757826
1391001 0.756468
1392001 0.756675
1393001 0.756854
1394001 0.756308
1395001 0.756274
1396001 0.756135
1397001 0.756314
1398001 0.755868
1399001 0.755023
1400001 0.754796
1401001 0.756792
1402001 0.755526
1403001 0.755549
1404001 0.756006
1405001 0.756439
1406001 0.756346
1407001 0.755822
1408001 0.75567
1409001 0.757076
1410001 0.75747
1411001 0.757898
1412001 0.757946
1413001 0.757963
1414001 0.756719
1415001 0.755567
1416001 0.756228
1417001 0.754294
1418001 0.755202
1419001 0.754688
1420001 0.754996
1421001 0.754638
1422001 0.755663
1423001 0.754965
1424001 0.755303
1425001 0.755172
1426001 0.755457
1427001 0.756061
1428001 0.756347
1429001 0.755951
1430001 0.755756
1431001 0.755431
1432001 0.756008
1433001 0.755811
1434001 0.756387
1435001 0.755221
1436001 0.756333
1437001 0.757303
1438001 0.756562
1439001 0.757066
1440001 0.755991
1441001 0.756137
1442001 0.756462
1443001 0.757001
1444001 0.756666
1445001 0.756936
1446001 0.75786
1447001 0.758581
1448001 0.757979
1449001 0.758619
1450001 0.757788
1451001 0.758407
1452001 0.757763
1453001 0.758452
1454001 0.758142
1455001 0.757795
1456001 0.757761
1457001 0.758005
1458001 0.75902
1459001 0.758375
1460001 0.758524
1461001 0.758355
1462001 0.757891
1463001 0.757127
1464001 0.757126
1465001 0.756099
1466001 0.756985
1467001 0.755486
1468001 0.755457
1469001 0.757007
1470001 0.756254
1471001 0.75654
1472001 0.756179
1473001 0.75587
1474001 0.755683
1475001 0.754645
1476001 0.754214
1477001 0.756158
1478001 0.756098
1479001 0.75638
1480001 0.756947
1481001 0.75646
1482001 0.757017
1483001 0.755879
1484001 0.755245
1485001 0.755897
1486001 0.75505
1487001 0.755231
1488001 0.755849
1489001 0.755992
1490001 0.754303
1491001 0.754375
1492001 0.755484
1493001 0.755942
1494001 0.755676
1495001 0.756172
1496001 0.755886
1497001 0.755414
1498001 0.756874
1499001 0.756244
1500001 0.755574
1501001 0.755584
1502001 0.755832
1503001 0.75477
1504001 0.754028
1505001 0.75355
1506001 0.75319
1507001 0.754528
1508001 0.75515
1509001 0.755463
1510001 0.75473
1511001 0.755393
1512001 0.754953
1513001 0.75568
1514001 0.754439
1515001 0.754709
1516001 0.755544
1517001 0.75524
1518001 0.756783
1519001 0.756221
1520001 0.756471
1521001 0.757102
1522001 0.75624
1523001 0.756267
1524001 0.755706
1525001 0.755498
1526001 0.754193
1527001 0.754578
1528001 0.75583
1529001 0.753975
1530001 0.755144
1531001 0.755977
1532001 0.756641
1533001 0.756114
1534001 0.755742
1535001 0.756221
1536001 0.755702
1537001 0.755418
1538001 0.756399
1539001 0.756665
1540001 0.75551
1541001 0.75588
1542001 0.756482
1543001 0.756172
1544001 0.755463
1545001 0.755439
1546001 0.75526
1547001 0.756594
1548001 0.755408
1549001 0.755921
1550001 0.755272
1551001 0.756641
1552001 0.755713
1553001 0.754623
1554001 0.754204
1555001 0.753081
1556001 0.754479
1557001 0.753736
1558001 0.753971
1559001 0.75272
1560001 0.753702
1561001 0.753909
1562001 0.754011
1563001 0.753911
1564001 0.753532
1565001 0.754367
1566001 0.754382
1567001 0.753531
1568001 0.752831
1569001 0.753444
1570001 0.755037
1571001 0.752703
1572001 0.753463
1573001 0.754668
1574001 0.754836
1575001 0.754244
1576001 0.75426
1577001 0.753175
1578001 0.752624
1579001 0.753662
1580001 0.753751
1581001 0.753674
1582001 0.753238
1583001 0.754837
1584001 0.754835
1585001 0.753368
1586001 0.753945
1587001 0.754244
1588001 0.756068
1589001 0.755095
1590001 0.754047
1591001 0.752862
1592001 0.753772
1593001 0.754169
1594001 0.755122
1595001 0.754107
1596001 0.754573
1597001 0.753587
1598001 0.752734
1599001 0.753489
1600001 0.753586
1601001 0.754094
1602001 0.753843
1603001 0.755045
1604001 0.754117
1605001 0.754946
1606001 0.754687
1607001 0.754709
1608001 0.754645
1609001 0.753481
1610001 0.753574
1611001 0.753966
1612001 0.754406
1613001 0.75425
1614001 0.754803
1615001 0.754482
1616001 0.754436
1617001 0.754987
1618001 0.754498
1619001 0.754371
1620001 0.754889
1621001 0.754743
1622001 0.756302
1623001 0.754613
1624001 0.755847
1625001 0.755232
1626001 0.755566
1627001 0.755542
1628001 0.755621
1629001 0.755482
1630001 0.755693
1631001 0.754794
1632001 0.754087
1633001 0.755241
1634001 0.755333
1635001 0.75486
1636001 0.754346
1637001 0.75457
1638001 0.755103
1639001 0.755182
1640001 0.755559
1641001 0.755637
1642001 0.754708
1643001 0.754036
1644001 0.754137
1645001 0.754923
1646001 0.754545
1647001 0.753937
1648001 0.754061
1649001 0.754428
1650001 0.754107
1651001 0.754856
1652001 0.753662
1653001 0.75342
1654001 0.753805
1655001 0.753437
1656001 0.754704
1657001 0.754012
1658001 0.754275
1659001 0.754868
1660001 0.754329
1661001 0.755115
1662001 0.757752
1663001 0.754903
1664001 0.755745
1665001 0.756926
1666001 0.756505
1667001 0.756869
1668001 0.75555
1669001 0.756099
1670001 0.754668
1671001 0.754888
1672001 0.754164
1673001 0.75388
1674001 0.754935
1675001 0.75359
1676001 0.754469
1677001 0.753834
1678001 0.754181
1679001 0.755035
1680001 0.754624
1681001 0.755928
1682001 0.755298
1683001 0.754719
1684001 0.752896
1685001 0.753454
1686001 0.752984
1687001 0.753522
1688001 0.754804
1689001 0.75379
1690001 0.753524
1691001 0.75478
1692001 0.753722
1693001 0.754052
1694001 0.754202
1695001 0.753911
1696001 0.754265
1697001 0.754171
1698001 0.754245
1699001 0.753236
1700001 0.754656
1701001 0.756051
1702001 0.755143
1703001 0.753745
1704001 0.754589
1705001 0.7546
1706001 0.75411
1707001 0.753679
1708001 0.753268
1709001 0.754521
1710001 0.753244
1711001 0.754649
1712001 0.754012
1713001 0.75504
1714001 0.755238
1715001 0.753702
1716001 0.755152
1717001 0.755262
1718001 0.7541
1719001 0.753634
1720001 0.755022
1721001 0.754251
1722001 0.755896
1723001 0.754843
1724001 0.754209
1725001 0.754256
1726001 0.75522
1727001 0.755895
1728001 0.754819
1729001 0.752838
1730001 0.754358
1731001 0.753391
1732001 0.753301
1733001 0.753578
1734001 0.752807
1735001 0.752213
1736001 0.75292
1737001 0.752801
1738001 0.754335
1739001 0.753064
1740001 0.753856
1741001 0.754356
1742001 0.754036
1743001 0.753584
1744001 0.753084
1745001 0.753126
1746001 0.751663
1747001 0.751655
1748001 0.752311
1749001 0.751752
1750001 0.752862
1751001 0.753363
1752001 0.752865
1753001 0.751856
1754001 0.752994
1755001 0.752777
1756001 0.752892
1757001 0.75342
1758001 0.754257
1759001 0.754445
1760001 0.754299
1761001 0.753927
1762001 0.752633
1763001 0.752858
1764001 0.752732
1765001 0.751729
1766001 0.751433
1767001 0.751773
1768001 0.750816
1769001 0.750901
1770001 0.75118
1771001 0.751454
1772001 0.752215
1773001 0.751203
1774001 0.752731
1775001 0.752303
1776001 0.752261
1777001 0.753681
1778001 0.753657
1779001 0.75281
1780001 0.753265
1781001 0.752681
1782001 0.753667
1783001 0.753326
1784001 0.752248
1785001 0.753734
1786001 0.752017
1787001 0.751653
1788001 0.751496
1789001 0.751239
1790001 0.751513
1791001 0.751419
1792001 0.751567
1793001 0.751327
1794001 0.751288
1795001 0.751402
1796001 0.75245
1797001 0.752558
1798001 0.75148
1799001 0.752218
1800001 0.751409
1801001 0.752929
1802001 0.752891
1803001 0.752896
1804001 0.752503
1805001 0.752388
1806001 0.751312
1807001 0.752355
1808001 0.752629
1809001 0.752142
1810001 0.75356
1811001 0.753458
1812001 0.753046
1813001 0.753247
1814001 0.752321
1815001 0.751285
1816001 0.7521
1817001 0.752051
1818001 0.751448
1819001 0.751698
1820001 0.752519
1821001 0.752305
1822001 0.752643
1823001 0.752613
1824001 0.751943
1825001 0.751663
1826001 0.75214
1827001 0.752044
1828001 0.752112
1829001 0.753123
1830001 0.753115
1831001 0.752264
1832001 0.7527
1833001 0.753194
1834001 0.752524
1835001 0.751902
1836001 0.751172
1837001 0.752174
1838001 0.75017
1839001 0.750686
1840001 0.752416
1841001 0.751655
1842001 0.752217
1843001 0.752668
1844001 0.751873
1845001 0.752149
1846001 0.751921
1847001 0.752289
1848001 0.752901
1849001 0.753196
1850001 0.753747
1851001 0.753042
1852001 0.753329
1853001 0.753637
1854001 0.752719
1855001 0.754359
1856001 0.753373
1857001 0.753792
1858001 0.751707
1859001 0.751305
1860001 0.75242
1861001 0.752168
1862001 0.752764
1863001 0.752891
1864001 0.752669
1865001 0.75212
1866001 0.751971
1867001 0.752091
1868001 0.752643
1869001 0.750738
1870001 0.750702
1871001 0.750729
1872001 0.751214
1873001 0.751181
1874001 0.751526
1875001 0.752378
1876001 0.751938
1877001 0.751122
1878001 0.750661
1879001 0.750538
1880001 0.750673
1881001 0.752382
1882001 0.750272
1883001 0.750378
1884001 0.750235
1885001 0.751086
1886001 0.749834
1887001 0.750281
1888001 0.749453
1889001 0.74921
1890001 0.749786
1891001 0.749256
1892001 0.749811
1893001 0.750033
1894001 0.75071
1895001 0.749469
1896001 0.749983
1897001 0.750403
1898001 0.751812
1899001 0.750693
1900001 0.750888
1901001 0.751884
1902001 0.75153
1903001 0.751626
1904001 0.750822
1905001 0.751764
1906001 0.751517
1907001 0.750137
1908001 0.751272
1909001 0.749531
1910001 0.749581
1911001 0.749725
1912001 0.749568
1913001 0.750274
1914001 0.75056
1915001 0.75044
1916001 0.749871
1917001 0.750448
1918001 0.750583
1919001 0.750913
1920001 0.750532
1921001 0.751911
1922001 0.749449
1923001 0.750171
1924001 0.75101
1925001 0.749899
1926001 0.751068
1927001 0.751263
1928001 0.7515
1929001 0.752029
1930001 0.751766
1931001 0.751801
1932001 0.750096
1933001 0.750615
1934001 0.749684
1935001 0.750293
1936001 0.750526
1937001 0.75125
1938001 0.750324
1939001 0.750089
1940001 0.749892
1941001 0.750103
1942001 0.750902
1943001 0.750973
1944001 0.751259
1945001 0.751589
1946001 0.751335
1947001 0.751647
1948001 0.752147
1949001 0.751844
1950001 0.752704
1951001 0.751572
1952001 0.753121
1953001 0.753234
1954001 0.75413
1955001 0.75196
1956001 0.75143
1957001 0.751666
1958001 0.750136
1959001 0.751068
1960001 0.749972
1961001 0.749902
1962001 0.750535
1963001 0.751297
1964001 0.752031
1965001 0.750772
1966001 0.750804
1967001 0.750706
1968001 0.752381
1969001 0.751451
1970001 0.75058
1971001 0.751577
1972001 0.751135
1973001 0.749729
1974001 0.751293
1975001 0.75221
1976001 0.751996
1977001 0.752328
1978001 0.752493
1979001 0.751791
1980001 0.751239
1981001 0.751108
1982001 0.752066
1983001 0.751528
1984001 0.750773
1985001 0.750277
1986001 0.752087
1987001 0.751405
1988001 0.751271
1989001 0.7504
1990001 0.751538
1991001 0.750487
1992001 0.750004
1993001 0.751637
1994001 0.750398
1995001 0.750433
1996001 0.750521
1997001 0.7511
1998001 0.750768
1999001 0.750169
