1 81.968
1001 63.9283
2001 57.4889
3001 52.9816
4001 49.4213
5001 46.6534
6001 44.2507
7001 42.2518
8001 40.4967
9001 38.9926
10001 37.6546
11001 36.4522
12001 35.3818
13001 34.3722
14001 33.4039
15001 32.5512
16001 31.775
17001 31.073
18001 30.4103
19001 29.786
20001 29.165
21001 28.5934
22001 28.0401
23001 27.5333
24001 27.0454
25001 26.5826
26001 26.1472
27001 25.7121
28001 25.2802
29001 24.8728
30001 24.4834
31001 24.1172
32001 23.7594
33001 23.4295
34001 23.1011
35001 22.7734
36001 22.4754
37001 22.1798
38001 21.8845
39001 21.5948
40001 21.3036
41001 21.0211
42001 20.7587
43001 20.511
44001 20.2562
45001 20.0165
46001 19.7752
47001 19.5348
48001 19.2897
49001 19.068
50001 18.8432
51001 18.6183
52001 18.4084
53001 18.2002
54001 17.9969
55001 17.7898
56001 17.5836
57001 17.3984
58001 17.2058
59001 17.0092
60001 16.8232
61001 16.6455
62001 16.4702
63001 16.2889
64001 16.1169
65001 15.9386
66001 15.7712
67001 15.6054
68001 15.4409
69001 15.2729
70001 15.1227
71001 14.9681
72001 14.8155
73001 14.6613
74001 14.5227
75001 14.3728
76001 14.2283
77001 14.096
78001 13.9606
79001 13.8399
80001 13.7081
81001 13.572
82001 13.4548
83001 13.322
84001 13.1956
85001 13.0662
86001 12.9481
87001 12.8136
88001 12.6946
89001 12.5771
90001 12.4644
91001 12.3483
92001 12.239
93001 12.1252
94001 12.0169
95001 11.9047
96001 11.8105
97001 11.6976
98001 11.5943
99001 11.4868
100001 11.3833
101001 10.7655
102001 10.582
103001 10.437
104001 10.3334
105001 10.2363
106001 10.1595
107001 10.0817
108001 10.0048
109001 9.93505
110001 9.86624
111001 9.80714
112001 9.74884
113001 9.69014
114001 9.63598
115001 9.57353
116001 9.51549
117001 9.4609
118001 9.42411
119001 9.36317
120001 9.31878
121001 9.27051
122001 9.22563
123001 9.16823
124001 9.12351
125001 9.0779
126001 9.03958
127001 8.99163
128001 8.95169
129001 8.8958
130001 8.8609
131001 8.81543
132001 8.77439
133001 8.7344
134001 8.7032
135001 8.65919
136001 8.62065
137001 8.58708
138001 8.56659
139001 8.52197
140001 8.48911
141001 8.44321
142001 8.41491
143001 8.38102
144001 8.34489
145001 8.31205
146001 8.28273
147001 8.25729
148001 8.21052
149001 8.17742
150001 8.15907
151001 8.12518
152001 8.08203
153001 8.05471
154001 8.02681
155001 7.98297
156001 7.9529
157001 7.92903
158001 7.90783
159001 7.86637
160001 7.83464
161001 7.8125
162001 7.78046
163001 7.76486
164001 7.72669
165001 7.70273
166001 7.66232
167001 7.63892
168001 7.61026
169001 7.58154
170001 7.56432
171001 7.53074
172001 7.50746
173001 7.47731
174001 7.45349
175001 7.42669
176001 7.39716
177001 7.36796
178001 7.34619
179001 7.33426
180001 7.31903
181001 7.28585
182001 7.26772
183001 7.26123
184001 7.22937
185001 7.19544
186001 7.17193
187001 7.14589
188001 7.11976
189001 7.09758
190001 7.08588
191001 7.05766
192001 7.03305
193001 7.01306
194001 6.98949
195001 6.96863
196001 6.95015
197001 6.94851
198001 6.90351
199001 6.87903
200001 6.86873
201001 6.84663
202001 6.72892
203001 6.69592
204001 6.66675
205001 6.64089
206001 6.61966
207001 6.60315
208001 6.59502
209001 6.55871
210001 6.54364
211001 6.52485
212001 6.51744
213001 6.50348
214001 6.48397
215001 6.47525
216001 6.45383
217001 6.42943
218001 6.42529
219001 6.41609
220001 6.40691
221001 6.39286
222001 6.38224
223001 6.36666
224001 6.34194
225001 6.32559
226001 6.3282
227001 6.32172
228001 6.30555
229001 6.28431
230001 6.26411
231001 6.25267
232001 6.22818
233001 6.22025
234001 6.21256
235001 6.20356
236001 6.18719
237001 6.18544
238001 6.17748
239001 6.18243
240001 6.16951
241001 6.15656
242001 6.13282
243001 6.13147
244001 6.13063
245001 6.11305
246001 6.10933
247001 6.09816
248001 6.09657
249001 6.06535
250001 6.0753
251001 6.06672
252001 6.04702
253001 6.02425
254001 6.02274
255001 6.01912
256001 6.00039
257001 5.98387
258001 5.98941
259001 5.98461
260001 5.9582
261001 5.9398
262001 5.93953
263001 5.94799
264001 5.94156
265001 5.92217
266001 5.91401
267001 5.88156
268001 5.88
269001 5.88135
270001 5.86423
271001 5.86186
272001 5.84942
273001 5.84679
274001 5.82752
275001 5.82522
276001 5.81795
277001 5.7987
278001 5.79719
279001 5.78288
280001 5.79356
281001 5.79608
282001 5.77419
283001 5.78127
284001 5.77305
285001 5.76113
286001 5.74807
287001 5.73559
288001 5.72941
289001 5.71994
290001 5.70772
291001 5.70713
292001 5.70073
293001 5.69839
294001 5.69388
295001 5.67676
296001 5.67085
297001 5.67701
298001 5.67134
299001 5.64637
300001 5.64167
301001 5.62756
302001 5.62701
303001 5.60071
304001 5.59479
305001 5.57576
306001 5.56339
307001 5.57033
308001 5.55736
309001 5.55142
310001 5.53896
311001 5.52716
312001 5.52707
313001 5.52665
314001 5.51999
315001 5.5169
316001 5.5092
317001 5.50566
318001 5.48534
319001 5.4959
320001 5.49174
321001 5.48976
322001 5.48914
323001 5.48544
324001 5.45986
325001 5.45776
326001 5.45039
327001 5.46824
328001 5.46943
329001 5.44965
330001 5.43097
331001 5.42937
332001 5.42343
333001 5.41853
334001 5.41585
335001 5.41229
336001 5.4089
337001 5.39633
338001 5.40899
339001 5.4231
340001 5.41495
341001 5.40512
342001 5.3962
343001 5.38389
344001 5.38359
345001 5.40392
346001 5.38627
347001 5.39002
348001 5.39707
349001 5.39218
350001 5.36483
351001 5.38622
352001 5.38399
353001 5.37274
354001 5.35606
355001 5.36732
356001 5.35097
357001 5.33888
358001 5.32741
359001 5.35512
360001 5.34182
361001 5.31513
362001 5.31471
363001 5.32433
364001 5.33098
365001 5.31482
366001 5.32927
367001 5.31196
368001 5.29274
369001 5.28946
370001 5.29673
371001 5.28058
372001 5.28887
373001 5.28315
374001 5.27404
375001 5.26826
376001 5.28017
377001 5.25913
378001 5.24838
379001 5.2568
380001 5.24567
381001 5.27487
382001 5.27312
383001 5.24685
384001 5.28421
385001 5.26247
386001 5.25465
387001 5.23955
388001 5.2454
389001 5.23244
390001 5.2312
391001 5.23641
392001 5.23733
393001 5.21822
394001 5.22435
395001 5.22052
396001 5.21994
397001 5.20422
398001 5.22501
399001 5.20718
400001 5.19547
401001 5.1936
402001 5.18735
403001 5.19807
404001 5.18673
405001 5.1816
406001 5.18747
407001 5.17664
408001 5.18253
409001 5.17138
410001 5.16668
411001 5.16769
412001 5.15269
413001 5.15965
414001 5.16356
415001 5.16089
416001 5.16414
417001 5.14961
418001 5.14735
419001 5.13633
420001 5.16555
421001 5.14649
422001 5.14937
423001 5.14745
424001 5.14582
425001 5.13473
426001 5.13512
427001 5.12544
428001 5.1415
429001 5.13339
430001 5.13182
431001 5.10962
432001 5.11986
433001 5.10385
434001 5.1043
435001 5.11096
436001 5.12191
437001 5.11204
438001 5.1079
439001 5.11672
440001 5.14565
441001 5.12919
442001 5.12857
443001 5.11054
444001 5.12642
445001 5.11035
446001 5.1191
447001 5.11509
448001 5.11641
449001 5.12294
450001 5.10829
451001 5.10459
452001 5.12773
453001 5.11751
454001 5.10301
455001 5.11223
456001 5.11127
457001 5.10256
458001 5.08984
459001 5.09768
460001 5.10846
461001 5.09121
462001 5.07841
463001 5.08815
464001 5.08158
465001 5.0987
466001 5.08765
467001 5.09346
468001 5.06992
469001 5.07018
470001 5.06577
471001 5.06819
472001 5.07027
473001 5.06685
474001 5.0708
475001 5.06246
476001 5.05892
477001 5.0644
478001 5.05392
479001 5.04598
480001 5.04976
481001 5.0604
482001 5.08249
483001 5.0542
484001 5.05469
485001 5.08607
486001 5.07056
487001 5.06342
488001 5.05632
489001 5.05064
490001 5.04478
491001 5.04269
492001 5.05578
493001 5.05055
494001 5.03966
495001 5.04242
496001 5.04341
497001 5.05039
498001 5.0439
499001 5.07086
500001 5.03067
501001 5.02581
502001 5.02722
503001 5.03979
504001 5.03544
505001 5.0414
506001 5.02765
507001 5.03249
508001 5.02605
509001 5.02802
510001 5.04266
511001 5.01666
512001 5.01656
513001 5.00946
514001 5.02222
515001 5.02369
516001 5.01838
517001 5.02199
518001 5.01624
519001 5.00671
520001 5.00961
521001 5.029
522001 5.02055
523001 5.02267
524001 5.02767
525001 5.02266
526001 5.008
527001 5.00529
528001 5.00994
529001 5.02152
530001 5.01124
531001 5.01761
532001 4.99536
533001 5.00128
534001 4.98721
535001 4.99212
536001 4.99664
537001 5.00003
538001 5.00096
539001 4.99864
540001 5.00494
541001 5.02859
542001 5.01926
543001 5.01503
544001 5.00265
545001 5.02332
546001 5.01686
547001 5.01778
548001 5.02006
549001 5.02795
550001 5.02173
551001 5.0162
552001 5.01478
553001 5.02761
554001 5.02925
555001 5.00057
556001 5.01192
557001 5.03123
558001 5.00963
559001 4.99989
560001 5.01524
561001 5.01761
562001 4.99868
563001 4.99406
564001 5.00207
565001 5.01575
566001 5.01963
567001 5.00965
568001 5.01111
569001 4.98802
570001 4.98875
571001 4.9927
572001 4.99015
573001 5.00665
574001 4.99241
575001 4.99302
576001 4.98537
577001 4.9888
578001 4.98992
579001 4.97674
580001 4.9733
581001 4.98093
582001 4.98846
583001 5.01035
584001 4.98846
585001 5.00938
586001 5.00604
587001 5
588001 4.98938
589001 4.99023
590001 4.9948
591001 4.98355
592001 4.9802
593001 4.98856
594001 4.98811
595001 4.98555
596001 4.9873
597001 4.98282
598001 4.98399
599001 4.99545
600001 5.00098
601001 4.97479
602001 4.96896
603001 4.97948
604001 4.98295
605001 4.98675
606001 4.9905
607001 4.97997
608001 4.97487
609001 4.98048
610001 4.98372
611001 4.98833
612001 4.97
613001 4.96986
614001 4.96526
615001 4.97748
616001 4.98229
617001 4.98227
618001 4.97944
619001 4.98116
620001 4.96373
621001 4.97451
622001 4.97435
623001 4.98117
624001 4.98796
625001 4.9869
626001 4.96653
627001 4.97038
628001 4.96307
629001 4.98973
630001 4.99688
631001 4.98313
632001 4.98124
633001 4.96647
634001 4.96845
635001 4.96002
636001 4.96526
637001 4.96652
638001 4.9706
639001 4.96323
640001 4.98105
641001 4.99772
642001 4.99221
643001 4.98639
644001 4.98364
645001 4.97051
646001 4.97654
647001 4.9965
648001 4.98709
649001 4.99511
650001 5.0099
651001 5.00045
652001 4.9796
653001 5.00828
654001 5.01046
655001 5.00284
656001 4.97791
657001 5.006
658001 4.9931
659001 4.98002
660001 4.97225
661001 4.99554
662001 4.98959
663001 4.97179
664001 4.96729
665001 4.98425
666001 4.99484
667001 4.98576
668001 4.99179
669001 4.99481
670001 4.96998
671001 4.97257
672001 4.98415
673001 4.96902
674001 4.97664
675001 4.98056
676001 4.97648
677001 4.96736
678001 4.97402
679001 4.97432
680001 4.95699
681001 4.97179
682001 4.96143
683001 4.98189
684001 4.99333
685001 4.97407
686001 5.00329
687001 4.99109
688001 4.99979
689001 4.98146
690001 4.98304
691001 4.97685
692001 4.97954
693001 4.98287
694001 4.98021
695001 4.97309
696001 4.98619
697001 4.979
698001 4.98364
699001 4.97447
700001 4.99153
701001 4.98201
702001 4.96835
703001 4.97184
704001 4.96415
705001 4.97629
706001 4.98409
707001 4.97884
708001 4.9873
709001 4.97845
710001 4.9914
711001 4.97538
712001 4.9761
713001 4.97859
714001 4.96514
715001 4.97406
716001 4.97818
717001 4.97456
718001 4.98922
719001 4.97312
720001 4.978
721001 4.96109
722001 4.98934
723001 4.97695
724001 4.97976
725001 4.98588
726001 4.98732
727001 4.96879
728001 4.97025
729001 4.97133
730001 4.98811
731001 4.98572
732001 4.9839
733001 4.96734
734001 4.97474
735001 4.95744
736001 4.96483
737001 4.97019
738001 4.97329
739001 4.97826
740001 4.96729
741001 4.98259
742001 5.02119
743001 5.00363
744001 4.99927
745001 4.98299
746001 4.98565
747001 4.98681
748001 5.00578
749001 4.99354
750001 4.99502
751001 5.00078
752001 5.00058
753001 4.98609
754001 5.00886
755001 5.01048
756001 5.00557
757001 5.00801
758001 5.00647
759001 4.99664
760001 4.98756
761001 4.98798
762001 5.00601
763001 4.99179
764001 4.98354
765001 4.98336
766001 4.9903
767001 5.00395
768001 5.00143
769001 5.01132
770001 4.99424
771001 4.97789
772001 4.97827
773001 4.98508
774001 4.98643
775001 4.98909
776001 4.99162
777001 4.98101
778001 4.98065
779001 4.98762
780001 4.97716
781001 4.96907
782001 4.97832
783001 4.9884
784001 5.00873
785001 4.99476
786001 4.97853
787001 5.01737
788001 5.00311
789001 4.99988
790001 4.98987
791001 4.99074
792001 4.98645
793001 4.98758
794001 5.00158
795001 4.99587
796001 4.98406
797001 4.98799
798001 4.99024
799001 4.99461
800001 4.99131
801001 5.00528
802001 4.98635
803001 4.97868
804001 4.98378
805001 4.988
806001 5.00054
807001 5.00001
808001 4.98771
809001 4.99253
810001 4.98069
811001 4.99084
812001 5.00555
813001 4.98629
814001 4.98573
815001 4.97923
816001 4.98863
817001 4.99428
818001 4.99159
819001 4.99701
820001 4.99119
821001 4.98667
822001 4.98572
823001 5.0111
824001 4.99821
825001 4.99656
826001 5.00385
827001 5.00697
828001 4.98848
829001 4.98819
830001 4.99073
831001 5.0048
832001 4.99777
833001 5.00017
834001 4.98214
835001 4.99114
836001 4.98228
837001 4.98077
838001 4.98216
839001 4.99367
840001 4.99389
841001 4.98921
842001 4.99799
843001 5.02371
844001 5.0114
845001 5.01593
846001 4.99843
847001 5.01869
848001 5.013
849001 5.01402
850001 5.01634
851001 5.01966
852001 5.02422
853001 5.01044
854001 5.00828
855001 5.03245
856001 5.03329
857001 5.01076
858001 5.01695
859001 5.02475
860001 5.00892
861001 5.00509
862001 5.02039
863001 5.02747
864001 5.00998
865001 5.00362
866001 5.01223
867001 5.02054
868001 5.0311
869001 5.01498
870001 5.02136
871001 5.00148
872001 5.00579
873001 5.00764
874001 5.00028
875001 5.01597
876001 5.00794
877001 5.00774
878001 5.00577
879001 5.00658
880001 5.0073
881001 4.99246
882001 4.99192
883001 4.99636
884001 5.00936
885001 5.02644
886001 5.01087
887001 5.02803
888001 5.03455
889001 5.03334
890001 5.00998
891001 5.01276
892001 5.00701
893001 5.00163
894001 5.00312
895001 5.0146
896001 5.00888
897001 5.0074
898001 5.01061
899001 5.01007
900001 5.00821
901001 5.02363
902001 5.03382
903001 5.00407
904001 5.00007
905001 5.01455
906001 5.0166
907001 5.01614
908001 5.01872
909001 5.01764
910001 5.01269
911001 5.01124
912001 5.01411
913001 5.02956
914001 5.00646
915001 5.00872
916001 5.00873
917001 5.01683
918001 5.02008
919001 5.01444
920001 5.01975
921001 5.01154
922001 5.00117
923001 5.01316
924001 5.01354
925001 5.02367
926001 5.02362
927001 5.02208
928001 5.02082
929001 5.0122
930001 5.00536
931001 5.03011
932001 5.03693
933001 5.02879
934001 5.01938
935001 5.00939
936001 5.01327
937001 5.00263
938001 5.01217
939001 5.00928
940001 5.02315
941001 5.00965
942001 5.02656
943001 5.02441
944001 5.04234
945001 5.03226
946001 5.03575
947001 5.02125
948001 5.02544
949001 5.03994
950001 5.03784
951001 5.05058
952001 5.04812
953001 5.05494
954001 5.03272
955001 5.06165
956001 5.0687
957001 5.04739
958001 5.02925
959001 5.05255
960001 5.04647
961001 5.03552
962001 5.03039
963001 5.05049
964001 5.04491
965001 5.02391
966001 5.01814
967001 5.0285
968001 5.04812
969001 5.0494
970001 5.04371
971001 5.03793
972001 5.02511
973001 5.03264
974001 5.03774
975001 5.02501
976001 5.03064
977001 5.03269
978001 5.03431
979001 5.0234
980001 5.03088
981001 5.03019
982001 5.01518
983001 5.02848
984001 5.01852
985001 5.04349
986001 5.05103
987001 5.03574
988001 5.05229
989001 5.05069
990001 5.04644
991001 5.03916
992001 5.04308
993001 5.03665
994001 5.03809
995001 5.03087
996001 5.03738
997001 5.03504
998001 5.045
999001 5.04536
1000001 5.04564
1001001 5.03435
1002001 5.05122
1003001 5.0507
1004001 5.03294
1005001 5.03562
1006001 5.03033
1007001 5.03734
1008001 5.04758
1009001 5.04607
1010001 5.05631
1011001 5.03636
1012001 5.05216
1013001 5.04074
1014001 5.04101
1015001 5.04522
1016001 5.02991
1017001 5.03572
1018001 5.04137
1019001 5.04198
1020001 5.04754
1021001 5.04236
1022001 5.04585
1023001 5.02809
1024001 5.04633
1025001 5.04262
1026001 5.04636
1027001 5.05198
1028001 5.05418
1029001 5.03345
1030001 5.03621
1031001 5.03628
1032001 5.05527
1033001 5.06288
1034001 5.04868
1035001 5.03292
1036001 5.03975
1037001 5.02794
1038001 5.03119
1039001 5.03684
1040001 5.04033
1041001 5.04598
1042001 5.03067
1043001 5.04938
1044001 5.08507
1045001 5.07053
1046001 5.05648
1047001 5.04862
1048001 5.04598
1049001 5.0519
1050001 5.07396
1051001 5.05676
1052001 5.06568
1053001 5.07738
1054001 5.07719
1055001 5.0524
1056001 5.08246
1057001 5.08234
1058001 5.07708
1059001 5.06583
1060001 5.07611
1061001 5.06569
1062001 5.05668
1063001 5.04839
1064001 5.0835
1065001 5.07107
1066001 5.04653
1067001 5.05072
1068001 5.06216
1069001 5.0759
1070001 5.06177
1071001 5.08053
1072001 5.0634
1073001 5.04798
1074001 5.04805
1075001 5.05713
1076001 5.04743
1077001 5.05716
1078001 5.05935
1079001 5.05047
1080001 5.04078
1081001 5.06047
1082001 5.04575
1083001 5.03671
1084001 5.05476
1085001 5.04819
1086001 5.07753
1087001 5.07117
1088001 5.05211
1089001 5.09089
1090001 5.07192
1091001 5.06679
1092001 5.05472
1093001 5.07121
1094001 5.05748
1095001 5.05682
1096001 5.06606
1097001 5.07118
1098001 5.05584
1099001 5.06187
1100001 5.06141
1101001 5.06656
1102001 5.05095
1103001 5.078
1104001 5.05881
1105001 5.05374
1106001 5.05287
1107001 5.05178
1108001 5.07124
1109001 5.06474
1110001 5.06277
1111001 5.07037
1112001 5.05852
1113001 5.06477
1114001 5.06053
1115001 5.06276
1116001 5.06315
1117001 5.05124
1118001 5.06278
1119001 5.06663
1120001 5.06615
1121001 5.07084
1122001 5.06316
1123001 5.06059
1124001 5.05598
1125001 5.08289
1126001 5.06646
1127001 5.06977
1128001 5.0732
1129001 5.08076
1130001 5.06365
1131001 5.06803
1132001 5.06049
1133001 5.07541
1134001 5.06916
1135001 5.0696
1136001 5.05148
1137001 5.06314
1138001 5.05317
1139001 5.05516
1140001 5.0606
1141001 5.07225
1142001 5.06277
1143001 5.06204
1144001 5.07209
1145001 5.09722
1146001 5.08087
1147001 5.08798
1148001 5.073
1149001 5.08647
1150001 5.08559
1151001 5.08441
1152001 5.08524
1153001 5.09165
1154001 5.10239
1155001 5.08426
1156001 5.08408
1157001 5.10845
1158001 5.10614
1159001 5.08183
1160001 5.0925
1161001 5.09611
1162001 5.07696
1163001 5.07841
1164001 5.08553
1165001 5.09914
1166001 5.08077
1167001 5.0757
1168001 5.08448
1169001 5.08139
1170001 5.10255
1171001 5.08705
1172001 5.09233
1173001 5.07094
1174001 5.07498
1175001 5.07684
1176001 5.07091
1177001 5.08706
1178001 5.07681
1179001 5.08141
1180001 5.07331
1181001 5.07673
1182001 5.07512
1183001 5.06822
1184001 5.0656
1185001 5.06899
1186001 5.08525
1187001 5.10263
1188001 5.07417
1189001 5.08937
1190001 5.11431
1191001 5.10291
1192001 5.08826
1193001 5.08326
1194001 5.08106
1195001 5.07588
1196001 5.07647
1197001 5.09307
1198001 5.08342
1199001 5.0786
1200001 5.08139
1201001 5.07935
1202001 5.08074
1203001 5.08225
1204001 5.10533
1205001 5.07355
1206001 5.07012
1207001 5.08295
1208001 5.08642
1209001 5.08691
1210001 5.09451
1211001 5.0878
1212001 5.08521
1213001 5.0863
1214001 5.08709
1215001 5.10183
1216001 5.07734
1217001 5.07789
1218001 5.07491
1219001 5.08684
1220001 5.08904
1221001 5.0843
1222001 5.09119
1223001 5.08456
1224001 5.07348
1225001 5.08413
1226001 5.089
1227001 5.09735
1228001 5.09386
1229001 5.0997
1230001 5.09731
1231001 5.08207
1232001 5.08084
1233001 5.09875
1234001 5.10534
1235001 5.09229
1236001 5.09031
1237001 5.07456
1238001 5.0827
1239001 5.06909
1240001 5.07475
1241001 5.07937
1242001 5.0828
1243001 5.07804
1244001 5.0887
1245001 5.09358
1246001 5.11327
1247001 5.10559
1248001 5.10495
1249001 5.08986
1250001 5.10321
1251001 5.11655
1252001 5.10726
1253001 5.11298
1254001 5.11606
1255001 5.1226
1256001 5.10006
1257001 5.12416
1258001 5.12232
1259001 5.11524
1260001 5.09768
1261001 5.10918
1262001 5.11837
1263001 5.10761
1264001 5.09809
1265001 5.11204
1266001 5.11893
1267001 5.09896
1268001 5.09226
1269001 5.10562
1270001 5.12187
1271001 5.12338
1272001 5.11162
1273001 5.11282
1274001 5.09213
1275001 5.09195
1276001 5.10561
1277001 5.09463
1278001 5.11196
1279001 5.097
1280001 5.10402
1281001 5.09122
1282001 5.09768
1283001 5.10019
1284001 5.08938
1285001 5.09434
1286001 5.08875
1287001 5.10756
1288001 5.1188
1289001 5.10282
1290001 5.11948
1291001 5.11927
1292001 5.11355
1293001 5.10525
1294001 5.10169
1295001 5.10128
1296001 5.09947
1297001 5.09798
1298001 5.10678
1299001 5.10486
1300001 5.10519
1301001 5.11536
1302001 5.10617
1303001 5.10617
1304001 5.11591
1305001 5.12049
1306001 5.09538
1307001 5.10002
1308001 5.09704
1309001 5.10325
1310001 5.11271
1311001 5.11706
1312001 5.10558
1313001 5.10061
1314001 5.11676
1315001 5.10899
1316001 5.1114
1317001 5.10396
1318001 5.09667
1319001 5.10186
1320001 5.10812
1321001 5.10727
1322001 5.11048
1323001 5.10946
1324001 5.10983
1325001 5.09512
1326001 5.10851
1327001 5.11049
1328001 5.11437
1329001 5.11721
1330001 5.11567
1331001 5.09713
1332001 5.1012
1333001 5.09774
1334001 5.12312
1335001 5.12785
1336001 5.11139
1337001 5.10668
1338001 5.10044
1339001 5.09906
1340001 5.0996
1341001 5.10157
1342001 5.10168
1343001 5.10452
1344001 5.09709
1345001 5.11309
1346001 5.13146
1347001 5.12842
1348001 5.12178
1349001 5.11695
1350001 5.10748
1351001 5.11483
1352001 5.13728
1353001 5.12193
1354001 5.13249
1355001 5.145
1356001 5.14106
1357001 5.11825
1358001 5.14503
1359001 5.14594
1360001 5.1386
1361001 5.11549
1362001 5.1406
1363001 5.13012
1364001 5.11917
1365001 5.11295
1366001 5.14275
1367001 5.13366
1368001 5.11194
1369001 5.11213
1370001 5.12477
1371001 5.1362
1372001 5.12747
1373001 5.1406
1374001 5.13246
1375001 5.11089
1376001 5.11303
1377001 5.12248
1378001 5.1097
1379001 5.12034
1380001 5.11808
1381001 5.11213
1382001 5.11023
1383001 5.12599
1384001 5.10601
1385001 5.10028
1386001 5.11286
1387001 5.1054
1388001 5.13464
1389001 5.13757
1390001 5.11451
1391001 5.14384
1392001 5.1361
1393001 5.13388
1394001 5.12069
1395001 5.12866
1396001 5.11841
1397001 5.11935
1398001 5.1278
1399001 5.13172
1400001 5.11723
1401001 5.12406
1402001 5.12348
1403001 5.1274
1404001 5.1199
1405001 5.13685
1406001 5.12358
1407001 5.11316
1408001 5.11252
1409001 5.11133
1410001 5.131
1411001 5.12902
1412001 5.12407
1413001 5.13242
1414001 5.12584
1415001 5.13447
1416001 5.12254
1417001 5.12352
1418001 5.12662
1419001 5.11322
1420001 5.12241
1421001 5.1289
1422001 5.1297
1423001 5.13603
1424001 5.12353
1425001 5.12626
1426001 5.1135
1427001 5.14359
1428001 5.12514
1429001 5.13483
1430001 5.13185
1431001 5.13171
1432001 5.11874
1433001 5.12134
1434001 5.12123
1435001 5.13466
1436001 5.1287
1437001 5.13016
1438001 5.1062
1439001 5.11992
1440001 5.10584
1441001 5.10946
1442001 5.11741
1443001 5.1299
1444001 5.12417
1445001 5.11897
1446001 5.12923
1447001 5.17046
1448001 5.14593
1449001 5.14777
1450001 5.12961
1451001 5.14902
1452001 5.1345
1453001 5.14503
1454001 5.13734
1455001 5.14537
1456001 5.14671
1457001 5.1404
1458001 5.13754
1459001 5.16139
1460001 5.15304
1461001 5.14131
1462001 5.15275
1463001 5.15244
1464001 5.14559
1465001 5.13499
1466001 5.14227
1467001 5.1546
1468001 5.14061
1469001 5.12973
1470001 5.13301
1471001 5.13504
1472001 5.15279
1473001 5.14483
1474001 5.14956
1475001 5.12856
1476001 5.12912
1477001 5.1269
1478001 5.1299
1479001 5.13483
1480001 5.13184
1481001 5.13616
1482001 5.1301
1483001 5.12752
1484001 5.13513
1485001 5.12438
1486001 5.11927
1487001 5.12413
1488001 5.13164
1489001 5.15542
1490001 5.14214
1491001 5.13421
1492001 5.16486
1493001 5.15188
1494001 5.14614
1495001 5.13934
1496001 5.1371
1497001 5.13051
1498001 5.13139
1499001 5.14514
1500001 5.14237
1501001 5.13173
1502001 5.13456
1503001 5.13873
1504001 5.14397
1505001 5.14004
1506001 5.16057
1507001 5.12885
1508001 5.12647
1509001 5.12959
1510001 5.13953
1511001 5.14295
1512001 5.14769
1513001 5.13922
1514001 5.14241
1515001 5.13077
1516001 5.13878
1517001 5.15495
1518001 5.1314
1519001 5.1331
1520001 5.1285
1521001 5.1405
1522001 5.14243
1523001 5.13807
1524001 5.14213
1525001 5.13883
1526001 5.13181
1527001 5.13232
1528001 5.15162
1529001 5.14525
1530001 5.14765
1531001 5.15253
1532001 5.15344
1533001 5.13369
1534001 5.1345
1535001 5.13843
1536001 5.14827
1537001 5.14183
1538001 5.14777
1539001 5.12773
1540001 5.13383
1541001 5.12035
1542001 5.12603
1543001 5.13139
1544001 5.13644
1545001 5.13666
1546001 5.13501
1547001 5.14249
1548001 5.16604
1549001 5.15518
1550001 5.15307
1551001 5.14216
1552001 5.16345
1553001 5.15806
1554001 5.15739
1555001 5.16096
1556001 5.16368
1557001 5.16321
1558001 5.15966
1559001 5.1596
1560001 5.17359
1561001 5.17472
1562001 5.14936
1563001 5.15859
1564001 5.17664
1565001 5.15184
1566001 5.14759
1567001 5.16403
1568001 5.16774
1569001 5.14962
1570001 5.14765
1571001 5.15499
1572001 5.16582
1573001 5.17279
1574001 5.16182
1575001 5.16218
1576001 5.14134
1577001 5.1457
1578001 5.14791
1579001 5.14492
1580001 5.15828
1581001 5.14734
1582001 5.15028
1583001 5.14449
1584001 5.14702
1585001 5.14817
1586001 5.13424
1587001 5.13191
1588001 5.13936
1589001 5.14765
1590001 5.17055
1591001 5.1501
1592001 5.16834
1593001 5.1738
1594001 5.16184
1595001 5.15039
1596001 5.15081
1597001 5.15706
1598001 5.14631
1599001 5.14396
1600001 5.15502
1601001 5.15369
1602001 5.14864
1603001 5.15167
1604001 5.1508
1605001 5.14938
1606001 5.16232
1607001 5.16792
1608001 5.14019
1609001 5.13862
1610001 5.15288
1611001 5.1542
1612001 5.15475
1613001 5.16074
1614001 5.15317
1615001 5.14867
1616001 5.15093
1617001 5.15511
1618001 5.16093
1619001 5.14265
1620001 5.1454
1621001 5.14226
1622001 5.15117
1623001 5.15763
1624001 5.15753
1625001 5.15439
1626001 5.14926
1627001 5.14001
1628001 5.15132
1629001 5.15157
1630001 5.15883
1631001 5.16181
1632001 5.16198
1633001 5.15465
1634001 5.1477
1635001 5.14169
1636001 5.16771
1637001 5.17734
1638001 5.162
1639001 5.15917
1640001 5.14507
1641001 5.14739
1642001 5.14013
1643001 5.14576
1644001 5.14488
1645001 5.14989
1646001 5.14309
1647001 5.16061
1648001 5.17649
1649001 5.17066
1650001 5.16559
1651001 5.16055
1652001 5.1533
1653001 5.15824
1654001 5.17526
1655001 5.16834
1656001 5.18097
1657001 5.18881
1658001 5.18108
1659001 5.16444
1660001 5.18949
1661001 5.18933
1662001 5.18368
1663001 5.16271
1664001 5.18425
1665001 5.17551
1666001 5.16233
1667001 5.1597
1668001 5.17909
1669001 5.17262
1670001 5.15556
1671001 5.15061
1672001 5.16681
1673001 5.17789
1674001 5.16714
1675001 5.17489
1676001 5.1783
1677001 5.15348
1678001 5.16635
1679001 5.16696
1680001 5.15245
1681001 5.16027
1682001 5.16128
1683001 5.15967
1684001 5.15251
1685001 5.16034
1686001 5.15921
1687001 5.1429
1688001 5.15634
1689001 5.14655
1690001 5.16897
1691001 5.17749
1692001 5.16356
1693001 5.1877
1694001 5.17572
1695001 5.18205
1696001 5.16625
1697001 5.16838
1698001 5.16354
1699001 5.1666
1700001 5.16815
1701001 5.16625
1702001 5.16095
1703001 5.17166
1704001 5.16564
1705001 5.17118
1706001 5.16179
1707001 5.1773
1708001 5.17484
1709001 5.15538
1710001 5.16221
1711001 5.15301
1712001 5.16396
1713001 5.16874
1714001 5.1679
1715001 5.18103
1716001 5.16712
1717001 5.17722
1718001 5.16434
1719001 5.16501
1720001 5.16752
1721001 5.15465
1722001 5.16088
1723001 5.16625
1724001 5.16333
1725001 5.17875
1726001 5.16208
1727001 5.16712
1728001 5.15036
1729001 5.17158
1730001 5.16462
1731001 5.16778
1732001 5.17371
1733001 5.17605
1734001 5.15745
1735001 5.15853
1736001 5.15807
1737001 5.17873
1738001 5.17366
1739001 5.1708
1740001 5.14825
1741001 5.16309
1742001 5.14772
1743001 5.15326
1744001 5.15777
1745001 5.15987
1746001 5.16506
1747001 5.15107
1748001 5.16956
1749001 5.20686
1750001 5.19109
1751001 5.18488
1752001 5.16988
1753001 5.17287
1754001 5.17032
1755001 5.19226
1756001 5.18015
1757001 5.18357
1758001 5.18746
1759001 5.18997
1760001 5.17213
1761001 5.20057
1762001 5.19613
1763001 5.19248
1764001 5.19298
1765001 5.19139
1766001 5.18375
1767001 5.17418
1768001 5.16743
1769001 5.19717
1770001 5.17905
1771001 5.1685
1772001 5.16953
1773001 5.17679
1774001 5.1894
1775001 5.18703
1776001 5.19635
1777001 5.18011
1778001 5.16427
1779001 5.16507
1780001 5.17227
1781001 5.17177
1782001 5.17348
1783001 5.17473
1784001 5.16711
1785001 5.15894
1786001 5.17205
1787001 5.16313
1788001 5.1537
1789001 5.16251
1790001 5.17057
1791001 5.19232
1792001 5.17786
1793001 5.16395
1794001 5.20217
1795001 5.1879
1796001 5.19294
1797001 5.17394
1798001 5.17523
1799001 5.17073
1800001 5.17184
1801001 5.1844
1802001 5.18023
1803001 5.16786
1804001 5.17227
1805001 5.17414
1806001 5.17704
1807001 5.17472
1808001 5.1873
1809001 5.17038
1810001 5.16695
1811001 5.16569
1812001 5.174
1813001 5.18266
1814001 5.18331
1815001 5.17199
1816001 5.172
1817001 5.16714
1818001 5.17345
1819001 5.17993
1820001 5.17129
1821001 5.16894
1822001 5.16231
1823001 5.17182
1824001 5.17709
1825001 5.17495
1826001 5.18006
1827001 5.17232
1828001 5.16904
1829001 5.16797
1830001 5.19206
1831001 5.17909
1832001 5.1777
1833001 5.18516
1834001 5.18689
1835001 5.16948
1836001 5.17406
1837001 5.17152
1838001 5.18295
1839001 5.177
1840001 5.17815
1841001 5.16108
1842001 5.17137
1843001 5.15878
1844001 5.16033
1845001 5.17184
1846001 5.17389
1847001 5.17271
1848001 5.16703
1849001 5.17698
1850001 5.20069
1851001 5.18933
1852001 5.1941
1853001 5.17522
1854001 5.19229
1855001 5.19073
1856001 5.18888
1857001 5.19214
1858001 5.19799
1859001 5.19955
1860001 5.18759
1861001 5.18536
1862001 5.20311
1863001 5.20771
1864001 5.18706
1865001 5.1957
1866001 5.19988
1867001 5.18342
1868001 5.18101
1869001 5.18737
1870001 5.20114
1871001 5.18388
1872001 5.17765
1873001 5.18718
1874001 5.18509
1875001 5.20305
1876001 5.18837
1877001 5.19532
1878001 5.17474
1879001 5.18075
1880001 5.1768
1881001 5.17439
1882001 5.18933
1883001 5.18081
1884001 5.18279
1885001 5.17986
1886001 5.17681
1887001 5.1793
1888001 5.16622
1889001 5.16563
1890001 5.1691
1891001 5.18128
1892001 5.1989
1893001 5.18129
1894001 5.19624
1895001 5.20357
1896001 5.20123
1897001 5.18689
1898001 5.18363
1899001 5.18077
1900001 5.17471
1901001 5.17416
1902001 5.19145
1903001 5.18164
1904001 5.17798
1905001 5.1797
1906001 5.17966
1907001 5.17509
1908001 5.18718
1909001 5.20626
1910001 5.1734
1911001 5.1714
1912001 5.18381
1913001 5.18328
1914001 5.18423
1915001 5.18805
1916001 5.18668
1917001 5.18204
1918001 5.18263
1919001 5.18271
1920001 5.19819
1921001 5.17585
1922001 5.17698
1923001 5.1766
1924001 5.18239
1925001 5.18563
1926001 5.18235
1927001 5.18758
1928001 5.18066
1929001 5.16811
1930001 5.1819
1931001 5.17974
1932001 5.18932
1933001 5.18856
1934001 5.19078
1935001 5.18856
1936001 5.17833
1937001 5.1713
1938001 5.19576
1939001 5.20222
1940001 5.19462
1941001 5.17456
1942001 5.17477
1943001 5.17701
1944001 5.16617
1945001 5.16713
1946001 5.17443
1947001 5.17837
1948001 5.17417
1949001 5.18933
1950001 5.18798
1951001 5.20526
1952001 5.20422
1953001 5.19956
1954001 5.1853
1955001 5.18668
1956001 5.20016
1957001 5.1969
1958001 5.20698
1959001 5.20387
1960001 5.21404
1961001 5.19232
1962001 5.21398
1963001 5.21614
1964001 5.20766
1965001 5.19072
1966001 5.20393
1967001 5.20704
1968001 5.19483
1969001 5.19046
1970001 5.20968
1971001 5.20743
1972001 5.18407
1973001 5.17733
1974001 5.18859
1975001 5.21013
1976001 5.20786
1977001 5.20011
1978001 5.19473
1979001 5.18413
1980001 5.19098
1981001 5.19338
1982001 5.18299
1983001 5.19121
1984001 5.18972
1985001 5.19109
1986001 5.17972
1987001 5.18692
1988001 5.18657
1989001 5.17436
1990001 5.18353
1991001 5.17471
1992001 5.1997
1993001 5.20725
1994001 5.19073
1995001 5.20758
1996001 5.20453
1997001 5.20158
1998001 5.19342
1999001 5.19746
