1 99.7538
1001 21.8118
2001 16.1139
3001 13.5315
4001 11.9525
5001 10.8824
6001 10.0952
7001 9.48891
8001 9.01765
9001 8.61659
10001 8.29429
11001 8.01228
12001 7.77117
13001 7.55481
14001 7.34061
15001 7.16504
16001 7.01327
17001 6.87194
18001 6.72577
19001 6.61116
20001 6.49656
21001 6.3785
22001 6.26135
23001 6.16943
24001 6.07644
25001 5.98472
26001 5.89161
27001 5.80121
28001 5.7184
29001 5.63501
30001 5.5579
31001 5.48028
32001 5.40556
33001 5.33354
34001 5.26111
35001 5.19111
36001 5.12444
37001 5.0537
38001 4.99331
39001 4.92273
40001 4.86444
41001 4.81143
42001 4.75592
43001 4.69391
44001 4.6352
45001 4.57484
46001 4.50946
47001 4.45256
48001 4.39993
49001 4.35108
50001 4.29182
51001 4.24075
52001 4.19194
53001 4.14337
54001 4.08666
55001 4.03657
56001 3.98613
57001 3.93601
58001 3.89441
59001 3.84084
60001 3.7984
61001 3.75633
62001 3.71829
63001 3.66637
64001 3.62211
65001 3.57233
66001 3.53351
67001 3.49326
68001 3.45429
69001 3.41361
70001 3.37317
71001 3.32998
72001 3.29644
73001 3.25781
74001 3.2213
75001 3.17763
76001 3.1376
77001 3.10249
78001 3.06301
79001 3.02859
80001 3.00246
81001 2.96262
82001 2.93769
83001 2.90654
84001 2.86744
85001 2.83595
86001 2.80203
87001 2.77751
88001 2.73609
89001 2.71545
90001 2.68916
91001 2.64856
92001 2.6266
93001 2.58811
94001 2.5675
95001 2.53792
96001 2.50853
97001 2.48647
98001 2.45745
99001 2.43515
100001 2.40171
101001 6.48961
102001 3.15803
103001 2.68037
104001 2.5542
105001 2.47083
106001 2.40025
107001 2.34513
108001 2.29676
109001 2.25991
110001 2.21721
111001 2.18619
112001 2.15496
113001 2.12191
114001 2.09738
115001 2.0681
116001 2.04598
117001 2.01965
118001 1.99925
119001 1.97729
120001 1.95557
121001 1.93827
122001 1.91775
123001 1.90146
124001 1.88148
125001 1.86993
126001 1.84961
127001 1.83106
128001 1.81496
129001 1.79635
130001 1.78158
131001 1.77121
132001 1.75677
133001 1.74411
134001 1.73549
135001 1.71793
136001 1.70834
137001 1.70352
138001 1.68762
139001 1.67879
140001 1.66965
141001 1.65166
142001 1.63739
143001 1.62546
144001 1.61769
145001 1.60745
146001 1.60461
147001 1.58883
148001 1.58458
149001 1.57485
150001 1.56466
151001 1.55566
152001 1.54271
153001 1.53889
154001 1.52998
155001 1.51896
156001 1.51091
157001 1.50131
158001 1.49485
159001 1.48929
160001 1.47713
161001 1.47165
162001 1.46253
163001 1.45633
164001 1.44942
165001 1.43942
166001 1.43753
167001 1.43332
168001 1.42326
169001 1.41668
170001 1.41021
171001 1.40206
172001 1.3946
173001 1.3947
174001 1.38174
175001 1.37741
176001 1.37447
177001 1.36675
178001 1.35951
179001 1.35888
180001 1.34884
181001 1.34626
182001 1.341
183001 1.34172
184001 1.33633
185001 1.32365
186001 1.32066
187001 1.3164
188001 1.31016
189001 1.30717
190001 1.30228
191001 1.29754
192001 1.29374
193001 1.29258
194001 1.28399
195001 1.28089
196001 1.27597
197001 1.27314
198001 1.26988
199001 1.26444
200001 1.26085
201001 1.25368
202001 2.52492
203001 1.51033
204001 1.36183
205001 1.32818
206001 1.30634
207001 1.28892
208001 1.27942
209001 1.2672
210001 1.26114
211001 1.24782
212001 1.23867
213001 1.2325
214001 1.2274
215001 1.22128
216001 1.21831
217001 1.21044
218001 1.2043
219001 1.20154
220001 1.20057
221001 1.1928
222001 1.19007
223001 1.18765
224001 1.1794
225001 1.17494
226001 1.17275
227001 1.16788
228001 1.16139
229001 1.16016
230001 1.15551
231001 1.15279
232001 1.15265
233001 1.14757
234001 1.14576
235001 1.14245
236001 1.14182
237001 1.14032
238001 1.13727
239001 1.13835
240001 1.1385
241001 1.13512
242001 1.12939
243001 1.12357
244001 1.12127
245001 1.1197
246001 1.12003
247001 1.1207
248001 1.11634
249001 1.11641
250001 1.11795
251001 1.11341
252001 1.10758
253001 1.10919
254001 1.10619
255001 1.10446
256001 1.10387
257001 1.09682
258001 1.09817
259001 1.09757
260001 1.09459
261001 1.09024
262001 1.08919
263001 1.08906
264001 1.09206
265001 1.08542
266001 1.08579
267001 1.08162
268001 1.08148
269001 1.08254
270001 1.07809
271001 1.07652
272001 1.0761
273001 1.07322
274001 1.07148
275001 1.06946
276001 1.06724
277001 1.06817
278001 1.06323
279001 1.063
280001 1.06574
281001 1.06279
282001 1.05804
283001 1.05906
284001 1.06225
285001 1.05935
286001 1.05469
287001 1.0561
288001 1.05603
289001 1.05336
290001 1.05102
291001 1.05401
292001 1.05015
293001 1.04868
294001 1.04962
295001 1.0488
296001 1.04636
297001 1.04288
298001 1.04272
299001 1.04347
300001 1.04182
301001 1.0382
302001 1.03777
303001 1.43562
304001 1.13152
305001 1.08381
306001 1.0668
307001 1.06083
308001 1.05421
309001 1.05012
310001 1.04918
311001 1.04344
312001 1.04057
313001 1.03872
314001 1.03361
315001 1.0327
316001 1.03271
317001 1.03104
318001 1.02737
319001 1.02592
320001 1.0293
321001 1.02587
322001 1.02354
323001 1.021
324001 1.01958
325001 1.01563
326001 1.01658
327001 1.01635
328001 1.01324
329001 1.00692
330001 1.01208
331001 1.00523
332001 1.00489
333001 1.00507
334001 1.00399
335001 1.0041
336001 1.00222
337001 1.00302
338001 1.00661
339001 1.00226
340001 1.00559
341001 1.0052
342001 1.00248
343001 0.998161
344001 0.996402
345001 0.998945
346001 0.995421
347001 0.998965
348001 0.999362
349001 1.0005
350001 0.998555
351001 0.997994
352001 0.997118
353001 0.995974
354001 0.996381
355001 0.996455
356001 0.995237
357001 0.994306
358001 0.98915
359001 0.994537
360001 0.991672
361001 0.989058
362001 0.989212
363001 0.989248
364001 0.98823
365001 0.990546
366001 0.987262
367001 0.987474
368001 0.98441
369001 0.987238
370001 0.984664
371001 0.981349
372001 0.985506
373001 0.983036
374001 0.982023
375001 0.978363
376001 0.982393
377001 0.976556
378001 0.979428
379001 0.9764
380001 0.977647
381001 0.97736
382001 0.97867
383001 0.976026
384001 0.982884
385001 0.980673
386001 0.977185
387001 0.973519
388001 0.976415
389001 0.974908
390001 0.973416
391001 0.973339
392001 0.982106
393001 0.9732
394001 0.975067
395001 0.973422
396001 0.974567
397001 0.970141
398001 0.969485
399001 0.970587
400001 0.96949
401001 0.973049
402001 0.97079
403001 1.20861
404001 1.10124
405001 1.00468
406001 0.991326
407001 0.980932
408001 0.978865
409001 0.976113
410001 0.973837
411001 0.975095
412001 0.968947
413001 0.969849
414001 0.972795
415001 0.966214
416001 0.967019
417001 0.967951
418001 0.967462
419001 0.966207
420001 0.966511
421001 0.968202
422001 0.964602
423001 0.964656
424001 0.962688
425001 0.961123
426001 0.960449
427001 0.959443
428001 0.959672
429001 0.958373
430001 0.957679
431001 0.957011
432001 0.952762
433001 0.952386
434001 0.953383
435001 0.950946
436001 0.95504
437001 0.950868
438001 0.955636
439001 0.954435
440001 0.955429
441001 0.960935
442001 0.959534
443001 0.954734
444001 0.951619
445001 0.95092
446001 0.954345
447001 0.950885
448001 0.954505
449001 0.953994
450001 0.955903
451001 0.955513
452001 0.954917
453001 0.952637
454001 0.952626
455001 0.956196
456001 0.953857
457001 0.950876
458001 0.954305
459001 0.949887
460001 0.954494
461001 0.950989
462001 0.952246
463001 0.950215
464001 0.947663
465001 0.95108
466001 0.950951
467001 0.948621
468001 0.948143
469001 0.946719
470001 0.95002
471001 0.947047
472001 0.945221
473001 0.946879
474001 0.9468
475001 0.944945
476001 0.943164
477001 0.945506
478001 0.944272
479001 0.944337
480001 0.941511
481001 0.946136
482001 0.944644
483001 0.942299
484001 0.942042
485001 0.94682
486001 0.947846
487001 0.943002
488001 0.942626
489001 0.943674
490001 0.941612
491001 0.939465
492001 0.943141
493001 0.945926
494001 0.941207
495001 0.94323
496001 0.941404
497001 0.944551
498001 0.941456
499001 0.941887
500001 0.941484
501001 0.941305
502001 0.939331
503001 0.940379
504001 1.16198
505001 0.995246
506001 0.955308
507001 0.949863
508001 0.944544
509001 0.941091
510001 0.944987
511001 0.942561
512001 0.943143
513001 0.937994
514001 0.938967
515001 0.940853
516001 0.937749
517001 0.937963
518001 0.942018
519001 0.939925
520001 0.937708
521001 0.937258
522001 0.943257
523001 0.939066
524001 0.937688
525001 0.94033
526001 0.936904
527001 0.934827
528001 0.935546
529001 0.934171
530001 0.930804
531001 0.932934
532001 0.931232
533001 0.933041
534001 0.930893
535001 0.927329
536001 0.928715
537001 0.930926
538001 0.929912
539001 0.928619
540001 0.930515
541001 0.933687
542001 0.937871
543001 0.937204
544001 0.932441
545001 0.931228
546001 0.930763
547001 0.933123
548001 0.930704
549001 0.935085
550001 0.931373
551001 0.935234
552001 0.936812
553001 0.932827
554001 0.932085
555001 0.933498
556001 0.936079
557001 0.936348
558001 0.934092
559001 0.931308
560001 0.932684
561001 0.933776
562001 0.93296
563001 0.931559
564001 0.93001
565001 0.931389
566001 0.936162
567001 0.931909
568001 0.932928
569001 0.930529
570001 0.929831
571001 0.930148
572001 0.928098
573001 0.928064
574001 0.928785
575001 0.927714
576001 0.927324
577001 0.927309
578001 0.927496
579001 0.928527
580001 0.924228
581001 0.925581
582001 0.929531
583001 0.927745
584001 0.925279
585001 0.92716
586001 0.929906
587001 0.928684
588001 0.925902
589001 0.927661
590001 0.929438
591001 0.927416
592001 0.923625
593001 0.92914
594001 0.928266
595001 0.927862
596001 0.928443
597001 0.925216
598001 0.926332
599001 0.927466
600001 0.925549
601001 0.926835
602001 0.924803
603001 0.924221
604001 0.924763
605001 1.02909
606001 0.945841
607001 0.93366
608001 0.928964
609001 0.929982
610001 0.924832
611001 0.925847
612001 0.926205
613001 0.927674
614001 0.925414
615001 0.927557
616001 0.923656
617001 0.924827
618001 0.9237
619001 0.928134
620001 0.924775
621001 0.924403
622001 0.928558
623001 0.928861
624001 0.92645
625001 0.923877
626001 0.923695
627001 0.919923
628001 0.924689
629001 0.923236
630001 0.924337
631001 0.919747
632001 0.922386
633001 0.916267
634001 0.918447
635001 0.918108
636001 0.917244
637001 0.919311
638001 0.915713
639001 0.919492
640001 0.918787
641001 0.920289
642001 0.923791
643001 0.924245
644001 0.925051
645001 0.91823
646001 0.916925
647001 0.919828
648001 0.919276
649001 0.924115
650001 0.923026
651001 0.924392
652001 0.922825
653001 0.923744
654001 0.920932
655001 0.922368
656001 0.923391
657001 0.924737
658001 0.922933
659001 0.922518
660001 0.919925
661001 0.923858
662001 0.922362
663001 0.919182
664001 0.921309
665001 0.921439
666001 0.920707
667001 0.926077
668001 0.921071
669001 0.923505
670001 0.919984
671001 0.92105
672001 0.919396
673001 0.917581
674001 0.920143
675001 0.920313
676001 0.919444
677001 0.916003
678001 0.919079
679001 0.916609
680001 0.918208
681001 0.914118
682001 0.917599
683001 0.919006
684001 0.917948
685001 0.917499
686001 0.91924
687001 0.921133
688001 0.921026
689001 0.915312
690001 0.919512
691001 0.918578
692001 0.916874
693001 0.918074
694001 0.925334
695001 0.915522
696001 0.920459
697001 0.917031
698001 0.920516
699001 0.915976
700001 0.916413
701001 0.918704
702001 0.917755
703001 0.923019
704001 0.918127
705001 0.929705
706001 0.962983
707001 0.927072
708001 0.924871
709001 0.918082
710001 0.918839
711001 0.917143
712001 0.916014
713001 0.919897
714001 0.914851
715001 0.918066
716001 0.922147
717001 0.91591
718001 0.915501
719001 0.918559
720001 0.919732
721001 0.91774
722001 0.918683
723001 0.921475
724001 0.918541
725001 0.917591
726001 0.917611
727001 0.915192
728001 0.913726
729001 0.913994
730001 0.91595
731001 0.915286
732001 0.913091
733001 0.915264
734001 0.913474
735001 0.911458
736001 0.910852
737001 0.908929
738001 0.91135
739001 0.91103
740001 0.909872
741001 0.913609
742001 0.916364
743001 0.916421
744001 0.919437
745001 0.916837
746001 0.914033
747001 0.913958
748001 0.91748
749001 0.911938
750001 0.914609
751001 0.914703
752001 0.918153
753001 0.917104
754001 0.916544
755001 0.915575
756001 0.914592
757001 0.919962
758001 0.918675
759001 0.916372
760001 0.918683
761001 0.91414
762001 0.919189
763001 0.916296
764001 0.917378
765001 0.914904
766001 0.914533
767001 0.916909
768001 0.917897
769001 0.914958
770001 0.915733
771001 0.912778
772001 0.915011
773001 0.915209
774001 0.91253
775001 0.914773
776001 0.914469
777001 0.91115
778001 0.911749
779001 0.914758
780001 0.912202
781001 0.912234
782001 0.910841
783001 0.913502
784001 0.91374
785001 0.911872
786001 0.911672
787001 0.916757
788001 0.918408
789001 0.913968
790001 0.91029
791001 0.913549
792001 0.912481
793001 0.911563
794001 0.914839
795001 0.918783
796001 0.912156
797001 0.91474
798001 0.91196
799001 0.914705
800001 0.913362
801001 0.909742
802001 0.91327
803001 0.91202
804001 0.914853
805001 0.91364
806001 0.973408
807001 0.931346
808001 0.918891
809001 0.91605
810001 0.91146
811001 0.911523
812001 0.914319
813001 0.912387
814001 0.914486
815001 0.909222
816001 0.912233
817001 0.916149
818001 0.910225
819001 0.909958
820001 0.915577
821001 0.913172
822001 0.913024
823001 0.912573
824001 0.917343
825001 0.913875
826001 0.91264
827001 0.915485
828001 0.912517
829001 0.913108
830001 0.913794
831001 0.911195
832001 0.90872
833001 0.910047
834001 0.909555
835001 0.908225
836001 0.910397
837001 0.905725
838001 0.906519
839001 0.909931
840001 0.907287
841001 0.906835
842001 0.910075
843001 0.914856
844001 0.916972
845001 0.914991
846001 0.910127
847001 0.910413
848001 0.909032
849001 0.913091
850001 0.911643
851001 0.912773
852001 0.912009
853001 0.915084
854001 0.914294
855001 0.912963
856001 0.914527
857001 0.911446
858001 0.916133
859001 0.91699
860001 0.915079
861001 0.913723
862001 0.913718
863001 0.915564
864001 0.912724
865001 0.913442
866001 0.911513
867001 0.912702
868001 0.916521
869001 0.911616
870001 0.912897
871001 0.911136
872001 0.911567
873001 0.912591
874001 0.911153
875001 0.908755
876001 0.911812
877001 0.911118
878001 0.909713
879001 0.907631
880001 0.910191
881001 0.90931
882001 0.908055
883001 0.90845
884001 0.914157
885001 0.908228
886001 0.908396
887001 0.911589
888001 0.912828
889001 0.915933
890001 0.908839
891001 0.910344
892001 0.909655
893001 0.908856
894001 0.907374
895001 0.91201
896001 0.908997
897001 0.909161
898001 0.912514
899001 0.90912
900001 0.909247
901001 0.909963
902001 0.911279
903001 0.910655
904001 0.909857
905001 0.910954
906001 0.911182
907001 0.947997
908001 0.917651
909001 0.911295
910001 0.911506
911001 0.913018
912001 0.906299
913001 0.909694
914001 0.911076
915001 0.908973
916001 0.909103
917001 0.909925
918001 0.910052
919001 0.909548
920001 0.9074
921001 0.91068
922001 0.908972
923001 0.91006
924001 0.91066
925001 0.915678
926001 0.911133
927001 0.908558
928001 0.911477
929001 0.908587
930001 0.910325
931001 0.910508
932001 0.910849
933001 0.905816
934001 0.908713
935001 0.904878
936001 0.907108
937001 0.9069
938001 0.9039
939001 0.905323
940001 0.905211
941001 0.904085
942001 0.904734
943001 0.906856
944001 0.910689
945001 0.911296
946001 0.912804
947001 0.90898
948001 0.906119
949001 0.907235
950001 0.909236
951001 0.91066
952001 0.912351
953001 0.912269
954001 0.912719
955001 0.913975
956001 0.912025
957001 0.907842
958001 0.911857
959001 0.913965
960001 0.911697
961001 0.911255
962001 0.909097
963001 0.909808
964001 0.910809
965001 0.908907
966001 0.90831
967001 0.910588
968001 0.910484
969001 0.915422
970001 0.910498
971001 0.912681
972001 0.908127
973001 0.911637
974001 0.910647
975001 0.908716
976001 0.908657
977001 0.912355
978001 0.907922
979001 0.905348
980001 0.908239
981001 0.905994
982001 0.907051
983001 0.904005
984001 0.905847
985001 0.909522
986001 0.908506
987001 0.905754
988001 0.906501
989001 0.911599
990001 0.909706
991001 0.905632
992001 0.911362
993001 0.908915
994001 0.90684
995001 0.908046
996001 0.912557
997001 0.907467
998001 0.91024
999001 0.908639
1000001 0.910824
1001001 0.908241
1002001 0.907508
1003001 0.908243
1004001 0.909286
1005001 0.913471
1006001 0.909573
1007001 0.907797
1008001 0.927533
1009001 0.911898
1010001 0.912461
1011001 0.905396
1012001 0.910218
1013001 0.905447
1014001 0.906255
1015001 0.910462
1016001 0.906458
1017001 0.907
1018001 0.91205
1019001 0.908618
1020001 0.905876
1021001 0.908367
1022001 0.909198
1023001 0.908235
1024001 0.907116
1025001 0.912627
1026001 0.909187
1027001 0.909702
1028001 0.907966
1029001 0.908236
1030001 0.905523
1031001 0.907099
1032001 0.908945
1033001 0.907367
1034001 0.903238
1035001 0.90842
1036001 0.904473
1037001 0.903544
1038001 0.902919
1039001 0.902454
1040001 0.904347
1041001 0.902642
1042001 0.904044
1043001 0.904376
1044001 0.909115
1045001 0.910107
1046001 0.910393
1047001 0.908134
1048001 0.906183
1049001 0.9062
1050001 0.909537
1051001 0.905807
1052001 0.909431
1053001 0.909819
1054001 0.910958
1055001 0.907905
1056001 0.909925
1057001 0.910963
1058001 0.908469
1059001 0.910497
1060001 0.911874
1061001 0.910386
1062001 0.910936
1063001 0.907169
1064001 0.913278
1065001 0.909265
1066001 0.907489
1067001 0.908293
1068001 0.908733
1069001 0.909593
1070001 0.909851
1071001 0.90832
1072001 0.908948
1073001 0.905987
1074001 0.909131
1075001 0.909322
1076001 0.906002
1077001 0.908644
1078001 0.907174
1079001 0.907132
1080001 0.903439
1081001 0.908125
1082001 0.905981
1083001 0.906153
1084001 0.904905
1085001 0.905951
1086001 0.90695
1087001 0.90794
1088001 0.904617
1089001 0.911144
1090001 0.912307
1091001 0.907451
1092001 0.903973
1093001 0.907199
1094001 0.906594
1095001 0.905835
1096001 0.906285
1097001 0.913293
1098001 0.907017
1099001 0.9088
1100001 0.906343
1101001 0.908185
1102001 0.90524
1103001 0.905384
1104001 0.906999
1105001 0.906794
1106001 0.910174
1107001 0.907884
1108001 0.922943
1109001 0.91518
1110001 0.909501
1111001 0.909178
1112001 0.905157
1113001 0.903858
1114001 0.903162
1115001 0.905563
1116001 0.909908
1117001 0.90307
1118001 0.906973
1119001 0.910089
1120001 0.905798
1121001 0.905465
1122001 0.907529
1123001 0.906683
1124001 0.907947
1125001 0.908188
1126001 0.910776
1127001 0.909049
1128001 0.90902
1129001 0.909267
1130001 0.906949
1131001 0.909516
1132001 0.908379
1133001 0.906907
1134001 0.905481
1135001 0.905501
1136001 0.903702
1137001 0.901566
1138001 0.903068
1139001 0.902195
1140001 0.903214
1141001 0.904664
1142001 0.901737
1143001 0.903723
1144001 0.90638
1145001 0.907409
1146001 0.91309
1147001 0.910788
1148001 0.907163
1149001 0.904983
1150001 0.905392
1151001 0.909004
1152001 0.905649
1153001 0.908153
1154001 0.907674
1155001 0.910923
1156001 0.909731
1157001 0.909831
1158001 0.909862
1159001 0.907481
1160001 0.911864
1161001 0.912015
1162001 0.907651
1163001 0.908722
1164001 0.907534
1165001 0.910183
1166001 0.908421
1167001 0.910054
1168001 0.906083
1169001 0.906677
1170001 0.911708
1171001 0.909005
1172001 0.909213
1173001 0.908085
1174001 0.907446
1175001 0.909474
1176001 0.907078
1177001 0.906426
1178001 0.907621
1179001 0.908151
1180001 0.905603
1181001 0.902698
1182001 0.906176
1183001 0.905499
1184001 0.904173
1185001 0.904094
1186001 0.909579
1187001 0.904715
1188001 0.904186
1189001 0.906491
1190001 0.908545
1191001 0.913657
1192001 0.906277
1193001 0.906583
1194001 0.905521
1195001 0.904515
1196001 0.902391
1197001 0.905871
1198001 0.905989
1199001 0.906175
1200001 0.908956
1201001 0.903592
1202001 0.906165
1203001 0.906155
1204001 0.908318
1205001 0.907706
1206001 0.907389
1207001 0.907188
1208001 0.906284
1209001 0.922014
1210001 0.911812
1211001 0.907334
1212001 0.906511
1213001 0.905685
1214001 0.902483
1215001 0.905882
1216001 0.905654
1217001 0.905484
1218001 0.903311
1219001 0.90535
1220001 0.905309
1221001 0.903892
1222001 0.90653
1223001 0.908767
1224001 0.908291
1225001 0.9064
1226001 0.905175
1227001 0.911274
1228001 0.907661
1229001 0.908647
1230001 0.909677
1231001 0.905798
1232001 0.906644
1233001 0.908654
1234001 0.905758
1235001 0.901351
1236001 0.904404
1237001 0.902967
1238001 0.904777
1239001 0.90352
1240001 0.901275
1241001 0.901163
1242001 0.900328
1243001 0.900326
1244001 0.902211
1245001 0.904572
1246001 0.909175
1247001 0.909404
1248001 0.909376
1249001 0.906487
1250001 0.90495
1251001 0.904862
1252001 0.90708
1253001 0.905313
1254001 0.909805
1255001 0.906965
1256001 0.90851
1257001 0.911298
1258001 0.907237
1259001 0.905037
1260001 0.909105
1261001 0.910203
1262001 0.909443
1263001 0.910406
1264001 0.905617
1265001 0.9067
1266001 0.909203
1267001 0.906527
1268001 0.906775
1269001 0.905836
1270001 0.910162
1271001 0.912509
1272001 0.909424
1273001 0.909377
1274001 0.905287
1275001 0.90742
1276001 0.908036
1277001 0.905203
1278001 0.907406
1279001 0.907994
1280001 0.906275
1281001 0.904859
1282001 0.90508
1283001 0.905868
1284001 0.904633
1285001 0.90145
1286001 0.904257
1287001 0.907088
1288001 0.905531
1289001 0.904171
1290001 0.904874
1291001 0.909214
1292001 0.907587
1293001 0.904096
1294001 0.90784
1295001 0.907252
1296001 0.905091
1297001 0.904088
1298001 0.908566
1299001 0.904855
1300001 0.905819
1301001 0.906941
1302001 0.905195
1303001 0.907407
1304001 0.905721
1305001 0.905656
1306001 0.908072
1307001 0.909769
1308001 0.905668
1309001 0.906
1310001 0.913729
1311001 0.907633
1312001 0.907005
1313001 0.904847
1314001 0.907653
1315001 0.903334
1316001 0.904194
1317001 0.9068
1318001 0.904556
1319001 0.905584
1320001 0.908398
1321001 0.904989
1322001 0.905798
1323001 0.90672
1324001 0.905961
1325001 0.905618
1326001 0.906522
1327001 0.911326
1328001 0.910012
1329001 0.908062
1330001 0.906212
1331001 0.907345
1332001 0.903174
1333001 0.906635
1334001 0.908345
1335001 0.909102
1336001 0.900694
1337001 0.907707
1338001 0.901414
1339001 0.901706
1340001 0.903073
1341001 0.902338
1342001 0.90419
1343001 0.90065
1344001 0.903322
1345001 0.903828
1346001 0.904636
1347001 0.908167
1348001 0.907538
1349001 0.907754
1350001 0.904549
1351001 0.903926
1352001 0.907156
1353001 0.903934
1354001 0.907426
1355001 0.90725
1356001 0.90945
1357001 0.907898
1358001 0.908573
1359001 0.90868
1360001 0.907344
1361001 0.909737
1362001 0.909498
1363001 0.909389
1364001 0.908937
1365001 0.904639
1366001 0.910861
1367001 0.90846
1368001 0.906175
1369001 0.906504
1370001 0.905953
1371001 0.906801
1372001 0.910711
1373001 0.908631
1374001 0.910373
1375001 0.906616
1376001 0.90857
1377001 0.907405
1378001 0.905178
1379001 0.908074
1380001 0.908492
1381001 0.9069
1382001 0.902671
1383001 0.906767
1384001 0.902672
1385001 0.904504
1386001 0.902484
1387001 0.904972
1388001 0.906789
1389001 0.905868
1390001 0.9046
1391001 0.908044
1392001 0.909476
1393001 0.907516
1394001 0.904079
1395001 0.907624
1396001 0.906427
1397001 0.904753
1398001 0.904126
1399001 0.913371
1400001 0.902769
1401001 0.907152
1402001 0.904643
1403001 0.907003
1404001 0.903718
1405001 0.90571
1406001 0.905687
1407001 0.905796
1408001 0.91045
1409001 0.907355
1410001 0.909247
1411001 0.9098
1412001 0.906777
1413001 0.908316
1414001 0.902987
1415001 0.905759
1416001 0.903968
1417001 0.903478
1418001 0.907542
1419001 0.902259
1420001 0.905002
1421001 0.910127
1422001 0.904675
1423001 0.904361
1424001 0.905731
1425001 0.90891
1426001 0.906076
1427001 0.907527
1428001 0.908205
1429001 0.908948
1430001 0.907304
1431001 0.906136
1432001 0.904387
1433001 0.906467
1434001 0.904119
1435001 0.9053
1436001 0.90589
1437001 0.903952
1438001 0.903622
1439001 0.901974
1440001 0.900259
1441001 0.901186
1442001 0.900221
1443001 0.904043
1444001 0.90127
1445001 0.901972
1446001 0.903796
1447001 0.907786
1448001 0.911244
1449001 0.911036
1450001 0.907431
1451001 0.904088
1452001 0.904782
1453001 0.909825
1454001 0.90301
1455001 0.907786
1456001 0.90727
1457001 0.910031
1458001 0.909272
1459001 0.908208
1460001 0.907729
1461001 0.907565
1462001 0.91053
1463001 0.910603
1464001 0.906657
1465001 0.9094
1466001 0.905268
1467001 0.911641
1468001 0.908698
1469001 0.907913
1470001 0.906738
1471001 0.905397
1472001 0.909942
1473001 0.908365
1474001 0.907755
1475001 0.906798
1476001 0.905088
1477001 0.907711
1478001 0.906836
1479001 0.905137
1480001 0.908129
1481001 0.906628
1482001 0.904655
1483001 0.902626
1484001 0.905908
1485001 0.904967
1486001 0.905031
1487001 0.902805
1488001 0.906547
1489001 0.907131
1490001 0.903779
1491001 0.904354
1492001 0.907825
1493001 0.91043
1494001 0.905747
1495001 0.903652
1496001 0.905759
1497001 0.904504
1498001 0.90301
1499001 0.905208
1500001 0.907798
1501001 0.903771
1502001 0.906136
1503001 0.904567
1504001 0.907729
1505001 0.906876
1506001 0.90618
1507001 0.906344
1508001 0.905971
1509001 0.906905
1510001 0.906147
1511001 0.912521
1512001 0.909686
1513001 0.906376
1514001 0.905653
1515001 0.902933
1516001 0.900845
1517001 0.905879
1518001 0.905937
1519001 0.907328
1520001 0.902226
1521001 0.905868
1522001 0.907368
1523001 0.903415
1524001 0.903062
1525001 0.909033
1526001 0.906855
1527001 0.906799
1528001 0.904326
1529001 0.91019
1530001 0.908064
1531001 0.906344
1532001 0.909807
1533001 0.906525
1534001 0.905939
1535001 0.906719
1536001 0.903949
1537001 0.901929
1538001 0.904388
1539001 0.902706
1540001 0.903333
1541001 0.902794
1542001 0.898546
1543001 0.900312
1544001 0.903265
1545001 0.902645
1546001 0.900636
1547001 0.904415
1548001 0.909258
1549001 0.910282
1550001 0.910412
1551001 0.905999
1552001 0.904396
1553001 0.904375
1554001 0.908231
1555001 0.905546
1556001 0.908155
1557001 0.905722
1558001 0.909846
1559001 0.910931
1560001 0.90628
1561001 0.907288
1562001 0.909075
1563001 0.910312
1564001 0.911998
1565001 0.908333
1566001 0.9069
1567001 0.907999
1568001 0.909097
1569001 0.909503
1570001 0.907361
1571001 0.907811
1572001 0.906725
1573001 0.913657
1574001 0.908577
1575001 0.906936
1576001 0.906469
1577001 0.906033
1578001 0.907923
1579001 0.905558
1580001 0.90462
1581001 0.907775
1582001 0.904906
1583001 0.905123
1584001 0.903367
1585001 0.905145
1586001 0.905159
1587001 0.90194
1588001 0.903574
1589001 0.907885
1590001 0.905952
1591001 0.903331
1592001 0.90549
1593001 0.907874
1594001 0.909861
1595001 0.903947
1596001 0.906865
1597001 0.907438
1598001 0.904739
1599001 0.902392
1600001 0.907605
1601001 0.906068
1602001 0.905386
1603001 0.906913
1604001 0.904189
1605001 0.905038
1606001 0.907284
1607001 0.906851
1608001 0.906566
1609001 0.905402
1610001 0.906143
1611001 0.906887
1612001 0.911235
1613001 0.906122
1614001 0.905165
1615001 0.90496
1616001 0.906247
1617001 0.901319
1618001 0.903873
1619001 0.90481
1620001 0.904564
1621001 0.904166
1622001 0.906076
1623001 0.904171
1624001 0.906325
1625001 0.903315
1626001 0.907459
1627001 0.905554
1628001 0.904987
1629001 0.908481
1630001 0.910606
1631001 0.9083
1632001 0.905843
1633001 0.907429
1634001 0.902831
1635001 0.906868
1636001 0.907469
1637001 0.907473
1638001 0.902457
1639001 0.905559
1640001 0.901945
1641001 0.903048
1642001 0.902648
1643001 0.901707
1644001 0.902398
1645001 0.89986
1646001 0.902198
1647001 0.901383
1648001 0.905245
1649001 0.907729
1650001 0.909442
1651001 0.909697
1652001 0.90455
1653001 0.90205
1654001 0.905305
1655001 0.904891
1656001 0.908362
1657001 0.908578
1658001 0.909558
1659001 0.907649
1660001 0.908505
1661001 0.906466
1662001 0.906883
1663001 0.907551
1664001 0.91089
1665001 0.907512
1666001 0.908266
1667001 0.905281
1668001 0.908983
1669001 0.907343
1670001 0.90523
1671001 0.90664
1672001 0.908027
1673001 0.90714
1674001 0.911858
1675001 0.908655
1676001 0.910102
1677001 0.905566
1678001 0.909018
1679001 0.90722
1680001 0.905513
1681001 0.907065
1682001 0.908039
1683001 0.905038
1684001 0.902902
1685001 0.905498
1686001 0.904014
1687001 0.904379
1688001 0.90221
1689001 0.903488
1690001 0.906558
1691001 0.906301
1692001 0.903905
1693001 0.906283
1694001 0.90933
1695001 0.907519
1696001 0.90263
1697001 0.907707
1698001 0.90651
1699001 0.905283
1700001 0.905581
1701001 0.911164
1702001 0.903204
1703001 0.906639
1704001 0.904052
1705001 0.90753
1706001 0.903868
1707001 0.904962
1708001 0.907416
1709001 0.906402
1710001 0.911016
1711001 0.908521
1712001 0.904795
1713001 0.910588
1714001 0.906272
1715001 0.908976
1716001 0.903167
1717001 0.906202
1718001 0.902621
1719001 0.903724
1720001 0.907779
1721001 0.903495
1722001 0.905011
1723001 0.910538
1724001 0.904535
1725001 0.904535
1726001 0.906965
1727001 0.907958
1728001 0.907071
1729001 0.906475
1730001 0.910019
1731001 0.908069
1732001 0.907281
1733001 0.907271
1734001 0.905708
1735001 0.903594
1736001 0.903853
1737001 0.906035
1738001 0.905143
1739001 0.902392
1740001 0.905419
1741001 0.9052
1742001 0.900816
1743001 0.901649
1744001 0.900725
1745001 0.902155
1746001 0.901913
1747001 0.9019
1748001 0.902614
1749001 0.907194
1750001 0.907609
1751001 0.909479
1752001 0.907609
1753001 0.905606
1754001 0.904292
1755001 0.907968
1756001 0.903887
1757001 0.906287
1758001 0.906659
1759001 0.908836
1760001 0.90735
1761001 0.908744
1762001 0.908557
1763001 0.906362
1764001 0.911062
1765001 0.909811
1766001 0.907813
1767001 0.909173
1768001 0.904362
1769001 0.910939
1770001 0.908035
1771001 0.906752
1772001 0.90676
1773001 0.905258
1774001 0.906612
1775001 0.909899
1776001 0.907781
1777001 0.908159
1778001 0.905023
1779001 0.908097
1780001 0.907551
1781001 0.904713
1782001 0.908598
1783001 0.907659
1784001 0.904771
1785001 0.902619
1786001 0.906604
1787001 0.903893
1788001 0.904343
1789001 0.903804
1790001 0.904963
1791001 0.90766
1792001 0.904891
1793001 0.904368
1794001 0.908809
1795001 0.911328
1796001 0.906882
1797001 0.903025
1798001 0.906506
1799001 0.904913
1800001 0.903903
1801001 0.90676
1802001 0.910098
1803001 0.904655
1804001 0.907813
1805001 0.904702
1806001 0.906963
1807001 0.905738
1808001 0.903659
1809001 0.906286
1810001 0.905921
1811001 0.90956
1812001 0.905925
1813001 0.909718
1814001 0.907892
1815001 0.907036
1816001 0.905215
1817001 0.902579
1818001 0.903104
1819001 0.90523
1820001 0.903531
1821001 0.908017
1822001 0.901959
1823001 0.905803
1824001 0.909762
1825001 0.904629
1826001 0.902582
1827001 0.907345
1828001 0.906456
1829001 0.906434
1830001 0.906012
1831001 0.909302
1832001 0.908368
1833001 0.906926
1834001 0.910474
1835001 0.90705
1836001 0.907753
1837001 0.909637
1838001 0.905617
1839001 0.902764
1840001 0.904247
1841001 0.902468
1842001 0.902624
1843001 0.903625
1844001 0.900329
1845001 0.903009
1846001 0.904043
1847001 0.90292
1848001 0.900782
1849001 0.904754
1850001 0.909067
1851001 0.911581
1852001 0.910302
1853001 0.905692
1854001 0.904863
1855001 0.90441
1856001 0.908615
1857001 0.90596
1858001 0.908121
1859001 0.906701
1860001 0.909972
1861001 0.908938
1862001 0.907589
1863001 0.909331
1864001 0.906271
1865001 0.912073
1866001 0.912386
1867001 0.909649
1868001 0.907894
1869001 0.907978
1870001 0.910609
1871001 0.907925
1872001 0.90883
1873001 0.906548
1874001 0.907089
1875001 0.91035
1876001 0.908841
1877001 0.907638
1878001 0.907804
1879001 0.908168
1880001 0.907935
1881001 0.907607
1882001 0.905357
1883001 0.906503
1884001 0.906364
1885001 0.90602
1886001 0.902738
1887001 0.905596
1888001 0.904371
1889001 0.90333
1890001 0.903872
1891001 0.909183
1892001 0.904307
1893001 0.905669
1894001 0.90676
1895001 0.908714
1896001 0.911743
1897001 0.905946
1898001 0.906489
1899001 0.905837
1900001 0.904868
1901001 0.902911
1902001 0.908012
1903001 0.90481
1904001 0.904978
1905001 0.908015
1906001 0.903903
1907001 0.904241
1908001 0.905823
1909001 0.907875
1910001 0.906917
1911001 0.905984
1912001 0.907191
1913001 0.907622
1914001 0.907804
1915001 0.906725
1916001 0.90576
1917001 0.905646
1918001 0.908091
1919001 0.900602
1920001 0.905182
1921001 0.907189
1922001 0.90523
1923001 0.904749
1924001 0.905235
1925001 0.905379
1926001 0.905134
1927001 0.903671
1928001 0.906649
1929001 0.905511
1930001 0.906734
1931001 0.906729
1932001 0.910963
1933001 0.907984
1934001 0.907178
1935001 0.908891
1936001 0.905994
1937001 0.906382
1938001 0.907945
1939001 0.90767
1940001 0.902978
1941001 0.903958
1942001 0.902698
1943001 0.903294
1944001 0.90611
1945001 0.900248
1946001 0.902254
1947001 0.900548
1948001 0.901334
1949001 0.901884
1950001 0.905263
1951001 0.908508
1952001 0.910032
1953001 0.909765
1954001 0.908154
1955001 0.903697
1956001 0.903757
1957001 0.906326
1958001 0.906298
1959001 0.910195
1960001 0.908781
1961001 0.910217
1962001 0.910397
1963001 0.907892
1964001 0.906083
1965001 0.908803
1966001 0.911055
1967001 0.909525
1968001 0.910457
1969001 0.905923
1970001 0.907119
1971001 0.908432
1972001 0.90624
1973001 0.904896
1974001 0.906537
1975001 0.908138
1976001 0.913128
1977001 0.908091
1978001 0.909371
1979001 0.905726
1980001 0.909981
1981001 0.908769
1982001 0.906848
1983001 0.906779
1984001 0.910149
1985001 0.906086
1986001 0.904006
1987001 0.905989
1988001 0.904391
1989001 0.905218
1990001 0.901875
1991001 0.903432
1992001 0.907221
1993001 0.907024
1994001 0.903404
1995001 0.904298
1996001 0.909554
1997001 0.906852
1998001 0.904091
1999001 0.90934
