1 81.968
1001 66.0437
2001 62.7425
3001 60.5997
4001 58.9467
5001 57.6518
6001 56.5212
7001 55.5903
8001 54.7174
9001 53.9477
10001 53.2289
11001 52.5505
12001 51.9109
13001 51.2869
14001 50.6793
15001 50.1173
16001 49.5845
17001 49.0721
18001 48.5815
19001 48.0834
20001 47.5942
21001 47.1231
22001 46.6474
23001 46.2073
24001 45.7622
25001 45.3376
26001 44.9075
27001 44.4794
28001 44.0666
29001 43.6521
30001 43.2505
31001 42.859
32001 42.4706
33001 42.0895
34001 41.7056
35001 41.3275
36001 40.9681
37001 40.6083
38001 40.2537
39001 39.9022
40001 39.5363
41001 39.1816
42001 38.8399
43001 38.5127
44001 38.1689
45001 37.8447
46001 37.5099
47001 37.1809
48001 36.8457
49001 36.5191
50001 36.1991
51001 35.881
52001 35.5723
53001 35.2619
54001 34.9519
55001 34.6491
56001 34.3481
57001 34.0678
58001 33.78
59001 33.4824
60001 33.1901
61001 32.9161
62001 32.6324
63001 32.3622
64001 32.0775
65001 31.8004
66001 31.5262
67001 31.2557
68001 30.9894
69001 30.723
70001 30.46
71001 30.1997
72001 29.9408
73001 29.6791
74001 29.4437
75001 29.1907
76001 28.9507
77001 28.7157
78001 28.4784
79001 28.2458
80001 28.0164
81001 27.7872
82001 27.5789
83001 27.3572
84001 27.1335
85001 26.9014
86001 26.6823
87001 26.4557
88001 26.2503
89001 26.0426
90001 25.832
91001 25.6274
92001 25.4257
93001 25.2178
94001 25.022
95001 24.8151
96001 24.6315
97001 24.4453
98001 24.2509
99001 24.067
100001 23.877
101001 23.0997
102001 22.6667
103001 22.3951
104001 22.1805
105001 21.9805
106001 21.8067
107001 21.6391
108001 21.4821
109001 21.3301
110001 21.179
111001 21.036
112001 20.9005
113001 20.763
114001 20.6342
115001 20.5147
116001 20.3847
117001 20.2674
118001 20.155
119001 20.0394
120001 19.9208
121001 19.8071
122001 19.6944
123001 19.5734
124001 19.4704
125001 19.366
126001 19.2596
127001 19.1573
128001 19.0622
129001 18.9594
130001 18.8698
131001 18.7743
132001 18.6832
133001 18.5927
134001 18.51
135001 18.4205
136001 18.3344
137001 18.2601
138001 18.1965
139001 18.1204
140001 18.0307
141001 17.9472
142001 17.8679
143001 17.7904
144001 17.7241
145001 17.6518
146001 17.5906
147001 17.524
148001 17.4546
149001 17.3883
150001 17.3181
151001 17.253
152001 17.1796
153001 17.1201
154001 17.056
155001 16.9925
156001 16.9253
157001 16.8635
158001 16.8104
159001 16.7513
160001 16.6914
161001 16.6363
162001 16.5828
163001 16.5329
164001 16.4742
165001 16.4074
166001 16.3553
167001 16.3032
168001 16.2484
169001 16.1955
170001 16.1523
171001 16.0942
172001 16.0455
173001 15.9953
174001 15.9429
175001 15.8994
176001 15.8457
177001 15.7997
178001 15.7635
179001 15.7269
180001 15.6806
181001 15.6398
182001 15.5978
183001 15.5679
184001 15.5256
185001 15.4697
186001 15.4285
187001 15.3887
188001 15.3413
189001 15.3069
190001 15.2757
191001 15.2393
192001 15.2002
193001 15.1609
194001 15.121
195001 15.0858
196001 15.0498
197001 15.0211
198001 14.9903
199001 14.9495
200001 14.92
201001 14.8786
202001 14.7112
203001 14.6399
204001 14.5884
205001 14.5463
206001 14.5009
207001 14.4656
208001 14.4375
209001 14.3972
210001 14.3658
211001 14.3295
212001 14.2923
213001 14.2606
214001 14.2256
215001 14.1997
216001 14.1793
217001 14.1411
218001 14.1204
219001 14.0932
220001 14.0636
221001 14.0397
222001 14.0088
223001 13.9813
224001 13.9362
225001 13.9143
226001 13.8843
227001 13.8617
228001 13.8303
229001 13.8024
230001 13.772
231001 13.7535
232001 13.7177
233001 13.6938
234001 13.6719
235001 13.6494
236001 13.6278
237001 13.6075
238001 13.5899
239001 13.591
240001 13.5758
241001 13.54
242001 13.5122
243001 13.4825
244001 13.4695
245001 13.4496
246001 13.4326
247001 13.4225
248001 13.4107
249001 13.3878
250001 13.3794
251001 13.3521
252001 13.3274
253001 13.3037
254001 13.2849
255001 13.273
256001 13.2547
257001 13.2265
258001 13.2105
259001 13.2024
260001 13.1811
261001 13.1648
262001 13.1528
263001 13.1365
264001 13.1294
265001 13.1062
266001 13.0869
267001 13.0549
268001 13.0453
269001 13.0317
270001 13.0128
271001 12.9984
272001 12.9812
273001 12.9729
274001 12.9478
275001 12.9338
276001 12.9162
277001 12.8963
278001 12.8866
279001 12.8727
280001 12.872
281001 12.8587
282001 12.8417
283001 12.8353
284001 12.8307
285001 12.8121
286001 12.7876
287001 12.7752
288001 12.7631
289001 12.7422
290001 12.7354
291001 12.7343
292001 12.7182
293001 12.7089
294001 12.697
295001 12.6832
296001 12.6667
297001 12.6612
298001 12.6502
299001 12.6431
300001 12.6291
301001 12.6124
302001 12.5998
303001 12.5402
304001 12.5187
305001 12.4995
306001 12.4802
307001 12.4754
308001 12.4529
309001 12.4511
310001 12.4422
311001 12.4236
312001 12.41
313001 12.4014
314001 12.3869
315001 12.383
316001 12.3781
317001 12.3642
318001 12.3477
319001 12.3493
320001 12.3512
321001 12.3283
322001 12.3248
323001 12.3075
324001 12.293
325001 12.2716
326001 12.2705
327001 12.2606
328001 12.2496
329001 12.2341
330001 12.2202
331001 12.2058
332001 12.2001
333001 12.1885
334001 12.1846
335001 12.1732
336001 12.1616
337001 12.1549
338001 12.1512
339001 12.1539
340001 12.1598
341001 12.1579
342001 12.1324
343001 12.1182
344001 12.1034
345001 12.1075
346001 12.098
347001 12.1034
348001 12.101
349001 12.1011
350001 12.0951
351001 12.0941
352001 12.0822
353001 12.069
354001 12.0594
355001 12.0561
356001 12.0462
357001 12.035
358001 12.0159
359001 12.0246
360001 12.0226
361001 12.0108
362001 12.0063
363001 12.0096
364001 11.9955
365001 12.0044
366001 11.9937
367001 11.9782
368001 11.9658
369001 11.9609
370001 11.9529
371001 11.9495
372001 11.9412
373001 11.9345
374001 11.9315
375001 11.9187
376001 11.9173
377001 11.8993
378001 11.8939
379001 11.8944
380001 11.8871
381001 11.8993
382001 11.8942
383001 11.8819
384001 11.9027
385001 11.8911
386001 11.8761
387001 11.8612
388001 11.8624
389001 11.8511
390001 11.8423
391001 11.8454
392001 11.852
393001 11.8363
394001 11.837
395001 11.8273
396001 11.8337
397001 11.8177
398001 11.8234
399001 11.812
400001 11.8156
401001 11.8088
402001 11.8007
403001 11.7842
404001 11.7708
405001 11.7623
406001 11.759
407001 11.7473
408001 11.7469
409001 11.7332
410001 11.7441
411001 11.743
412001 11.7248
413001 11.7211
414001 11.7217
415001 11.7111
416001 11.7097
417001 11.7157
418001 11.7099
419001 11.7073
420001 11.7165
421001 11.7152
422001 11.7035
423001 11.6999
424001 11.6919
425001 11.6781
426001 11.6842
427001 11.6708
428001 11.6685
429001 11.66
430001 11.6579
431001 11.6435
432001 11.6461
433001 11.6335
434001 11.6331
435001 11.6298
436001 11.6333
437001 11.6202
438001 11.6197
439001 11.6252
440001 11.6398
441001 11.6556
442001 11.6436
443001 11.6191
444001 11.6178
445001 11.6054
446001 11.6158
447001 11.6049
448001 11.6187
449001 11.6245
450001 11.6247
451001 11.6261
452001 11.6237
453001 11.6159
454001 11.602
455001 11.6127
456001 11.6082
457001 11.5988
458001 11.595
459001 11.5878
460001 11.5978
461001 11.5953
462001 11.5878
463001 11.5897
464001 11.5917
465001 11.5992
466001 11.5962
467001 11.576
468001 11.5729
469001 11.5704
470001 11.5653
471001 11.5632
472001 11.5702
473001 11.5622
474001 11.56
475001 11.5577
476001 11.5446
477001 11.5491
478001 11.5349
479001 11.5348
480001 11.54
481001 11.5466
482001 11.548
483001 11.5414
484001 11.5412
485001 11.5614
486001 11.5551
487001 11.5426
488001 11.5371
489001 11.5346
490001 11.5215
491001 11.522
492001 11.5318
493001 11.5328
494001 11.5275
495001 11.525
496001 11.5181
497001 11.5295
498001 11.5221
499001 11.5335
500001 11.531
501001 11.5261
502001 11.5243
503001 11.5195
504001 11.504
505001 11.5081
506001 11.5022
507001 11.4996
508001 11.493
509001 11.494
510001 11.5007
511001 11.4936
512001 11.4997
513001 11.4887
514001 11.4879
515001 11.4889
516001 11.4799
517001 11.4873
518001 11.4971
519001 11.4894
520001 11.492
521001 11.4986
522001 11.4989
523001 11.502
524001 11.4982
525001 11.5005
526001 11.4756
527001 11.4831
528001 11.4707
529001 11.4741
530001 11.4677
531001 11.4712
532001 11.4589
533001 11.4674
534001 11.4531
535001 11.4539
536001 11.4511
537001 11.4557
538001 11.4521
539001 11.4531
540001 11.4584
541001 11.4863
542001 11.4919
543001 11.4702
544001 11.4641
545001 11.4588
546001 11.4597
547001 11.4647
548001 11.4643
549001 11.4768
550001 11.479
551001 11.4832
552001 11.4856
553001 11.4824
554001 11.4825
555001 11.4675
556001 11.4725
557001 11.4787
558001 11.4759
559001 11.4654
560001 11.4673
561001 11.4701
562001 11.4688
563001 11.4682
564001 11.4763
565001 11.4727
566001 11.4883
567001 11.4793
568001 11.4738
569001 11.4605
570001 11.4621
571001 11.4599
572001 11.46
573001 11.4671
574001 11.4583
575001 11.4643
576001 11.4571
577001 11.4533
578001 11.4532
579001 11.4398
580001 11.4411
581001 11.4496
582001 11.4568
583001 11.4584
584001 11.4562
585001 11.4651
586001 11.4753
587001 11.4696
588001 11.4572
589001 11.4592
590001 11.4616
591001 11.4459
592001 11.4534
593001 11.4626
594001 11.4624
595001 11.4609
596001 11.4584
597001 11.4599
598001 11.4589
599001 11.4648
600001 11.4648
601001 11.4686
602001 11.4647
603001 11.4614
604001 11.4611
605001 11.4591
606001 11.4568
607001 11.4544
608001 11.4512
609001 11.4545
610001 11.4489
611001 11.461
612001 11.4614
613001 11.4581
614001 11.4572
615001 11.4561
616001 11.4528
617001 11.4564
618001 11.4557
619001 11.4664
620001 11.4591
621001 11.4691
622001 11.4865
623001 11.4732
624001 11.482
625001 11.4725
626001 11.4686
627001 11.4559
628001 11.4654
629001 11.463
630001 11.4651
631001 11.4611
632001 11.4577
633001 11.4483
634001 11.4539
635001 11.4451
636001 11.4494
637001 11.4506
638001 11.4478
639001 11.4496
640001 11.454
641001 11.4648
642001 11.4822
643001 11.4896
644001 11.4707
645001 11.463
646001 11.4556
647001 11.4635
648001 11.4668
649001 11.4763
650001 11.485
651001 11.4878
652001 11.4872
653001 11.4996
654001 11.4927
655001 11.4878
656001 11.481
657001 11.4889
658001 11.4869
659001 11.4813
660001 11.4717
661001 11.4812
662001 11.4882
663001 11.4823
664001 11.4864
665001 11.4987
666001 11.4923
667001 11.5057
668001 11.4987
669001 11.4976
670001 11.4833
671001 11.488
672001 11.485
673001 11.4832
674001 11.4863
675001 11.4862
676001 11.4906
677001 11.4802
678001 11.4809
679001 11.4799
680001 11.4698
681001 11.477
682001 11.4773
683001 11.4913
684001 11.496
685001 11.4967
686001 11.5112
687001 11.5086
688001 11.507
689001 11.4963
690001 11.4982
691001 11.4933
692001 11.4878
693001 11.4951
694001 11.5044
695001 11.4995
696001 11.5072
697001 11.4975
698001 11.5123
699001 11.5002
700001 11.5114
701001 11.5097
702001 11.5139
703001 11.514
704001 11.5087
705001 11.5064
706001 11.5092
707001 11.5109
708001 11.513
709001 11.5067
710001 11.5154
711001 11.5021
712001 11.5172
713001 11.5242
714001 11.5089
715001 11.5132
716001 11.5172
717001 11.5107
718001 11.518
719001 11.5273
720001 11.5296
721001 11.5221
722001 11.538
723001 11.5457
724001 11.5355
725001 11.5407
726001 11.5378
727001 11.5323
728001 11.5232
729001 11.5288
730001 11.53
731001 11.5266
732001 11.5256
733001 11.5232
734001 11.5232
735001 11.5216
736001 11.519
737001 11.5212
738001 11.5246
739001 11.5191
740001 11.5201
741001 11.5297
742001 11.5542
743001 11.5555
744001 11.5643
745001 11.5403
746001 11.5388
747001 11.5315
748001 11.5456
749001 11.5369
750001 11.5536
751001 11.5561
752001 11.5677
753001 11.5697
754001 11.5731
755001 11.5696
756001 11.563
757001 11.5748
758001 11.5706
759001 11.5646
760001 11.5635
761001 11.5548
762001 11.573
763001 11.5719
764001 11.5692
765001 11.5698
766001 11.5768
767001 11.588
768001 11.5944
769001 11.5743
770001 11.5773
771001 11.5718
772001 11.5702
773001 11.5717
774001 11.5801
775001 11.5733
776001 11.5745
777001 11.5752
778001 11.566
779001 11.5726
780001 11.5641
781001 11.5636
782001 11.5719
783001 11.5789
784001 11.5846
785001 11.5814
786001 11.5806
787001 11.6051
788001 11.6025
789001 11.5937
790001 11.587
791001 11.5859
792001 11.5802
793001 11.5835
794001 11.5937
795001 11.6021
796001 11.5922
797001 11.5931
798001 11.5953
799001 11.6007
800001 11.5974
801001 11.6054
802001 11.613
803001 11.6059
804001 11.6118
805001 11.6044
806001 11.6052
807001 11.608
808001 11.6073
809001 11.6101
810001 11.6029
811001 11.6119
812001 11.6154
813001 11.6161
814001 11.623
815001 11.6122
816001 11.6127
817001 11.617
818001 11.6112
819001 11.6194
820001 11.6326
821001 11.6309
822001 11.6324
823001 11.6436
824001 11.6498
825001 11.647
826001 11.6472
827001 11.6552
828001 11.6296
829001 11.6374
830001 11.6338
831001 11.6353
832001 11.6315
833001 11.6328
834001 11.6264
835001 11.6315
836001 11.629
837001 11.6267
838001 11.6238
839001 11.6349
840001 11.6294
841001 11.6254
842001 11.6386
843001 11.6706
844001 11.677
845001 11.658
846001 11.6519
847001 11.6513
848001 11.6467
849001 11.6568
850001 11.6547
851001 11.6681
852001 11.6745
853001 11.677
854001 11.6812
855001 11.6826
856001 11.6871
857001 11.6718
858001 11.6772
859001 11.6795
860001 11.6815
861001 11.6765
862001 11.6787
863001 11.6834
864001 11.683
865001 11.6822
866001 11.6859
867001 11.6937
868001 11.7075
869001 11.6984
870001 11.6845
871001 11.6865
872001 11.6909
873001 11.686
874001 11.6861
875001 11.6986
876001 11.6882
877001 11.6973
878001 11.6894
879001 11.684
880001 11.6867
881001 11.6758
882001 11.6796
883001 11.6876
884001 11.6938
885001 11.6957
886001 11.6989
887001 11.7075
888001 11.7189
889001 11.7185
890001 11.7013
891001 11.7055
892001 11.7048
893001 11.6927
894001 11.7015
895001 11.7131
896001 11.7109
897001 11.7104
898001 11.7123
899001 11.7149
900001 11.7143
901001 11.7187
902001 11.7243
903001 11.7294
904001 11.7247
905001 11.7318
906001 11.7261
907001 11.7269
908001 11.7274
909001 11.7284
910001 11.7282
911001 11.7287
912001 11.7275
913001 11.7392
914001 11.7406
915001 11.7398
916001 11.7406
917001 11.7365
918001 11.7366
919001 11.7361
920001 11.7394
921001 11.7443
922001 11.7486
923001 11.7593
924001 11.761
925001 11.7627
926001 11.77
927001 11.7621
928001 11.7675
929001 11.7509
930001 11.7622
931001 11.7586
932001 11.7623
933001 11.7607
934001 11.7545
935001 11.7498
936001 11.7573
937001 11.7475
938001 11.7543
939001 11.7505
940001 11.7578
941001 11.7561
942001 11.7612
943001 11.7642
944001 11.7922
945001 11.7977
946001 11.7825
947001 11.775
948001 11.7649
949001 11.7739
950001 11.7787
951001 11.7896
952001 11.7957
953001 11.803
954001 11.8027
955001 11.8195
956001 11.8119
957001 11.8017
958001 11.7964
959001 11.8007
960001 11.8052
961001 11.8021
962001 11.7959
963001 11.8013
964001 11.8116
965001 11.8031
966001 11.8092
967001 11.8143
968001 11.8152
969001 11.8281
970001 11.8235
971001 11.8181
972001 11.808
973001 11.8158
974001 11.8142
975001 11.8118
976001 11.8128
977001 11.8145
978001 11.8188
979001 11.8103
980001 11.8139
981001 11.8108
982001 11.8011
983001 11.8101
984001 11.8076
985001 11.8263
986001 11.8281
987001 11.8261
988001 11.8337
989001 11.8426
990001 11.8356
991001 11.8307
992001 11.8349
993001 11.8303
994001 11.8237
995001 11.8311
996001 11.8404
997001 11.8356
998001 11.8434
999001 11.8414
1000001 11.8499
1001001 11.8397
1002001 11.85
1003001 11.8499
1004001 11.8535
1005001 11.8543
1006001 11.8525
1007001 11.8502
1008001 11.855
1009001 11.8568
1010001 11.862
1011001 11.8544
1012001 11.8643
1013001 11.8521
1014001 11.8647
1015001 11.8735
1016001 11.8612
1017001 11.8627
1018001 11.8671
1019001 11.8651
1020001 11.8685
1021001 11.8806
1022001 11.8801
1023001 11.8751
1024001 11.8875
1025001 11.9003
1026001 11.8898
1027001 11.8976
1028001 11.8954
1029001 11.8886
1030001 11.8801
1031001 11.8881
1032001 11.8868
1033001 11.8884
1034001 11.8837
1035001 11.8797
1036001 11.8816
1037001 11.878
1038001 11.8784
1039001 11.8815
1040001 11.8832
1041001 11.8812
1042001 11.8823
1043001 11.8865
1044001 11.9126
1045001 11.9156
1046001 11.9208
1047001 11.9023
1048001 11.8973
1049001 11.8947
1050001 11.907
1051001 11.8986
1052001 11.9163
1053001 11.9212
1054001 11.93
1055001 11.9317
1056001 11.9402
1057001 11.9365
1058001 11.9311
1059001 11.9324
1060001 11.9362
1061001 11.9307
1062001 11.9285
1063001 11.917
1064001 11.9388
1065001 11.9383
1066001 11.9331
1067001 11.9358
1068001 11.9462
1069001 11.9428
1070001 11.9553
1071001 11.942
1072001 11.9443
1073001 11.9406
1074001 11.9384
1075001 11.9406
1076001 11.9444
1077001 11.9404
1078001 11.942
1079001 11.9438
1080001 11.9348
1081001 11.9408
1082001 11.9311
1083001 11.9318
1084001 11.9388
1085001 11.9423
1086001 11.9528
1087001 11.9533
1088001 11.9482
1089001 11.976
1090001 11.9721
1091001 11.9592
1092001 11.9531
1093001 11.9594
1094001 11.9531
1095001 11.9522
1096001 11.9598
1097001 11.9716
1098001 11.9627
1099001 11.9654
1100001 11.9619
1101001 11.9732
1102001 11.9647
1103001 11.9771
1104001 11.9817
1105001 11.9794
1106001 11.9784
1107001 11.9745
1108001 11.9775
1109001 11.9805
1110001 11.982
1111001 11.9862
1112001 11.9786
1113001 11.9836
1114001 11.9768
1115001 11.9969
1116001 11.9972
1117001 11.9857
1118001 11.9904
1119001 11.9926
1120001 11.9895
1121001 11.9897
1122001 12.0062
1123001 12.0056
1124001 12.0077
1125001 12.0206
1126001 12.0241
1127001 12.0195
1128001 12.0219
1129001 12.0199
1130001 12.0084
1131001 12.0169
1132001 12.0182
1133001 12.0128
1134001 12.0089
1135001 12.0099
1136001 12.0029
1137001 12.0087
1138001 12.0042
1139001 12.0059
1140001 12.0059
1141001 12.0126
1142001 12.0071
1143001 12.0048
1144001 12.0168
1145001 12.0331
1146001 12.0522
1147001 12.036
1148001 12.0296
1149001 12.0256
1150001 12.0246
1151001 12.0326
1152001 12.0274
1153001 12.0439
1154001 12.0526
1155001 12.055
1156001 12.0589
1157001 12.0596
1158001 12.0614
1159001 12.0461
1160001 12.0594
1161001 12.0594
1162001 12.0528
1163001 12.0524
1164001 12.0495
1165001 12.0609
1166001 12.0607
1167001 12.0599
1168001 12.0635
1169001 12.0698
1170001 12.0831
1171001 12.0768
1172001 12.0635
1173001 12.063
1174001 12.0664
1175001 12.0631
1176001 12.061
1177001 12.0752
1178001 12.0648
1179001 12.0666
1180001 12.0665
1181001 12.059
1182001 12.0617
1183001 12.0527
1184001 12.0533
1185001 12.0637
1186001 12.0732
1187001 12.0753
1188001 12.0727
1189001 12.0791
1190001 12.0954
1191001 12.0967
1192001 12.0824
1193001 12.0808
1194001 12.0808
1195001 12.0706
1196001 12.0754
1197001 12.0849
1198001 12.0866
1199001 12.0862
1200001 12.0865
1201001 12.0856
1202001 12.0908
1203001 12.0893
1204001 12.1001
1205001 12.1059
1206001 12.1002
1207001 12.1049
1208001 12.097
1209001 12.0991
1210001 12.1035
1211001 12.105
1212001 12.1055
1213001 12.1023
1214001 12.1049
1215001 12.1157
1216001 12.1114
1217001 12.1161
1218001 12.1113
1219001 12.1107
1220001 12.1136
1221001 12.1085
1222001 12.1167
1223001 12.1296
1224001 12.1239
1225001 12.1338
1226001 12.1363
1227001 12.1388
1228001 12.1441
1229001 12.1438
1230001 12.1442
1231001 12.1259
1232001 12.1361
1233001 12.1337
1234001 12.1367
1235001 12.127
1236001 12.1284
1237001 12.122
1238001 12.1341
1239001 12.1229
1240001 12.1256
1241001 12.1244
1242001 12.1274
1243001 12.1269
1244001 12.1319
1245001 12.135
1246001 12.1637
1247001 12.1714
1248001 12.1556
1249001 12.1489
1250001 12.1413
1251001 12.1513
1252001 12.1524
1253001 12.1538
1254001 12.1669
1255001 12.1752
1256001 12.1737
1257001 12.1875
1258001 12.1769
1259001 12.1745
1260001 12.1693
1261001 12.1707
1262001 12.1778
1263001 12.1789
1264001 12.1686
1265001 12.1718
1266001 12.1789
1267001 12.1744
1268001 12.1794
1269001 12.1857
1270001 12.1885
1271001 12.1996
1272001 12.1939
1273001 12.1908
1274001 12.1783
1275001 12.1818
1276001 12.1836
1277001 12.1821
1278001 12.1891
1279001 12.1829
1280001 12.1905
1281001 12.1803
1282001 12.1812
1283001 12.1789
1284001 12.1728
1285001 12.1776
1286001 12.1787
1287001 12.1923
1288001 12.1941
1289001 12.1918
1290001 12.1978
1291001 12.2102
1292001 12.2059
1293001 12.1949
1294001 12.1979
1295001 12.1974
1296001 12.1882
1297001 12.1965
1298001 12.2064
1299001 12.2037
1300001 12.2062
1301001 12.2089
1302001 12.2084
1303001 12.2066
1304001 12.2136
1305001 12.2161
1306001 12.2188
1307001 12.2185
1308001 12.2152
1309001 12.2134
1310001 12.2202
1311001 12.222
1312001 12.2199
1313001 12.2176
1314001 12.2267
1315001 12.2175
1316001 12.2309
1317001 12.2346
1318001 12.2294
1319001 12.2274
1320001 12.23
1321001 12.2286
1322001 12.2351
1323001 12.2443
1324001 12.2421
1325001 12.2387
1326001 12.2502
1327001 12.2663
1328001 12.2525
1329001 12.2614
1330001 12.2534
1331001 12.2509
1332001 12.2414
1333001 12.2509
1334001 12.2515
1335001 12.2513
1336001 12.2445
1337001 12.246
1338001 12.2365
1339001 12.2414
1340001 12.2387
1341001 12.246
1342001 12.2454
1343001 12.2409
1344001 12.2447
1345001 12.2475
1346001 12.2585
1347001 12.2733
1348001 12.28
1349001 12.2635
1350001 12.2584
1351001 12.2528
1352001 12.264
1353001 12.2635
1354001 12.274
1355001 12.2803
1356001 12.2868
1357001 12.29
1358001 12.2967
1359001 12.2942
1360001 12.2877
1361001 12.2823
1362001 12.291
1363001 12.2889
1364001 12.2852
1365001 12.2739
1366001 12.2884
1367001 12.2932
1368001 12.2876
1369001 12.2924
1370001 12.3001
1371001 12.2955
1372001 12.3108
1373001 12.3079
1374001 12.3026
1375001 12.2959
1376001 12.296
1377001 12.293
1378001 12.2933
1379001 12.2939
1380001 12.294
1381001 12.2968
1382001 12.29
1383001 12.2959
1384001 12.283
1385001 12.2811
1386001 12.291
1387001 12.2908
1388001 12.3065
1389001 12.3069
1390001 12.3027
1391001 12.3186
1392001 12.3207
1393001 12.313
1394001 12.305
1395001 12.3099
1396001 12.3044
1397001 12.3012
1398001 12.3087
1399001 12.3198
1400001 12.3099
1401001 12.3157
1402001 12.311
1403001 12.3247
1404001 12.3133
1405001 12.3246
1406001 12.3197
1407001 12.3281
1408001 12.3261
1409001 12.3228
1410001 12.3242
1411001 12.328
1412001 12.3308
1413001 12.3333
1414001 12.3282
1415001 12.3336
1416001 12.324
1417001 12.3393
1418001 12.3463
1419001 12.3345
1420001 12.335
1421001 12.3413
1422001 12.3363
1423001 12.3394
1424001 12.3497
1425001 12.3532
1426001 12.3505
1427001 12.3643
1428001 12.3679
1429001 12.3625
1430001 12.3634
1431001 12.3597
1432001 12.3503
1433001 12.3615
1434001 12.3542
1435001 12.3551
1436001 12.3513
1437001 12.3529
1438001 12.3447
1439001 12.3508
1440001 12.3476
1441001 12.3461
1442001 12.3485
1443001 12.3555
1444001 12.3469
1445001 12.3496
1446001 12.3574
1447001 12.3816
1448001 12.3922
1449001 12.3876
1450001 12.3654
1451001 12.3709
1452001 12.3602
1453001 12.3741
1454001 12.3634
1455001 12.3807
1456001 12.3871
1457001 12.3926
1458001 12.3976
1459001 12.3994
1460001 12.3933
1461001 12.3846
1462001 12.398
1463001 12.3952
1464001 12.3894
1465001 12.3903
1466001 12.3854
1467001 12.3992
1468001 12.3975
1469001 12.3942
1470001 12.3953
1471001 12.4025
1472001 12.413
1473001 12.4135
1474001 12.3976
1475001 12.3993
1476001 12.3983
1477001 12.3959
1478001 12.3961
1479001 12.4049
1480001 12.4008
1481001 12.4003
1482001 12.4008
1483001 12.3904
1484001 12.3968
1485001 12.3868
1486001 12.3885
1487001 12.3962
1488001 12.4028
1489001 12.4068
1490001 12.4056
1491001 12.4073
1492001 12.4257
1493001 12.4236
1494001 12.4138
1495001 12.4108
1496001 12.4091
1497001 12.4009
1498001 12.4038
1499001 12.4137
1500001 12.4164
1501001 12.4135
1502001 12.4147
1503001 12.4108
1504001 12.4223
1505001 12.4184
1506001 12.429
1507001 12.4303
1508001 12.4256
1509001 12.4291
1510001 12.4249
1511001 12.4235
1512001 12.4322
1513001 12.4309
1514001 12.4316
1515001 12.4246
1516001 12.4307
1517001 12.4397
1518001 12.4375
1519001 12.4442
1520001 12.4367
1521001 12.4381
1522001 12.4397
1523001 12.4321
1524001 12.4418
1525001 12.4532
1526001 12.4494
1527001 12.4529
1528001 12.4603
1529001 12.4633
1530001 12.4674
1531001 12.4669
1532001 12.472
1533001 12.449
1534001 12.4579
1535001 12.4492
1536001 12.4519
1537001 12.4488
1538001 12.4535
1539001 12.4442
1540001 12.4504
1541001 12.442
1542001 12.4444
1543001 12.4429
1544001 12.4498
1545001 12.4472
1546001 12.4479
1547001 12.456
1548001 12.483
1549001 12.4889
1550001 12.4697
1551001 12.4665
1552001 12.4643
1553001 12.4639
1554001 12.4702
1555001 12.4711
1556001 12.4818
1557001 12.4874
1558001 12.4927
1559001 12.497
1560001 12.4938
1561001 12.4962
1562001 12.4832
1563001 12.4886
1564001 12.4947
1565001 12.492
1566001 12.4852
1567001 12.4886
1568001 12.4901
1569001 12.4916
1570001 12.4919
1571001 12.501
1572001 12.5004
1573001 12.514
1574001 12.5081
1575001 12.4913
1576001 12.4925
1577001 12.4965
1578001 12.4932
1579001 12.4946
1580001 12.5044
1581001 12.4932
1582001 12.5009
1583001 12.4954
1584001 12.4894
1585001 12.4912
1586001 12.4805
1587001 12.4834
1588001 12.4914
1589001 12.4984
1590001 12.5013
1591001 12.5003
1592001 12.5082
1593001 12.5199
1594001 12.5153
1595001 12.5034
1596001 12.506
1597001 12.5097
1598001 12.496
1599001 12.5035
1600001 12.5124
1601001 12.5137
1602001 12.5116
1603001 12.5111
1604001 12.5141
1605001 12.5126
1606001 12.5186
1607001 12.5207
1608001 12.5227
1609001 12.5213
1610001 12.5186
1611001 12.5205
1612001 12.5237
1613001 12.524
1614001 12.5244
1615001 12.5225
1616001 12.5253
1617001 12.5225
1618001 12.5338
1619001 12.5348
1620001 12.5332
1621001 12.533
1622001 12.5309
1623001 12.5301
1624001 12.5348
1625001 12.5319
1626001 12.5365
1627001 12.5405
1628001 12.5499
1629001 12.5523
1630001 12.5536
1631001 12.5603
1632001 12.5545
1633001 12.5557
1634001 12.5411
1635001 12.5518
1636001 12.548
1637001 12.5523
1638001 12.5483
1639001 12.5455
1640001 12.5377
1641001 12.5431
1642001 12.5356
1643001 12.5408
1644001 12.5403
1645001 12.5394
1646001 12.5416
1647001 12.5459
1648001 12.5558
1649001 12.5738
1650001 12.5797
1651001 12.5616
1652001 12.5574
1653001 12.5495
1654001 12.5576
1655001 12.5603
1656001 12.5709
1657001 12.5776
1658001 12.58
1659001 12.5811
1660001 12.592
1661001 12.5864
1662001 12.582
1663001 12.5742
1664001 12.5807
1665001 12.581
1666001 12.5766
1667001 12.5696
1668001 12.5785
1669001 12.5837
1670001 12.5781
1671001 12.5829
1672001 12.5932
1673001 12.5883
1674001 12.5995
1675001 12.5952
1676001 12.5945
1677001 12.5814
1678001 12.5894
1679001 12.5839
1680001 12.5813
1681001 12.5834
1682001 12.583
1683001 12.5877
1684001 12.5784
1685001 12.579
1686001 12.5784
1687001 12.5694
1688001 12.5766
1689001 12.5753
1690001 12.5906
1691001 12.5941
1692001 12.5916
1693001 12.6071
1694001 12.605
1695001 12.6033
1696001 12.5925
1697001 12.5979
1698001 12.5925
1699001 12.5872
1700001 12.5942
1701001 12.6018
1702001 12.5978
1703001 12.6045
1704001 12.5963
1705001 12.61
1706001 12.5986
1707001 12.6093
1708001 12.6075
1709001 12.6119
1710001 12.6108
1711001 12.6077
1712001 12.605
1713001 12.6102
1714001 12.6129
1715001 12.6183
1716001 12.6125
1717001 12.619
1718001 12.6068
1719001 12.6206
1720001 12.6276
1721001 12.6149
1722001 12.6175
1723001 12.6212
1724001 12.616
1725001 12.6229
1726001 12.6328
1727001 12.6307
1728001 12.6261
1729001 12.6382
1730001 12.6479
1731001 12.6382
1732001 12.6438
1733001 12.6428
1734001 12.6359
1735001 12.6275
1736001 12.6323
1737001 12.6344
1738001 12.6304
1739001 12.6293
1740001 12.623
1741001 12.6273
1742001 12.6218
1743001 12.6239
1744001 12.6258
1745001 12.6279
1746001 12.6234
1747001 12.6244
1748001 12.6285
1749001 12.6553
1750001 12.6566
1751001 12.6641
1752001 12.6421
1753001 12.6415
1754001 12.6333
1755001 12.6463
1756001 12.6385
1757001 12.6534
1758001 12.6566
1759001 12.6646
1760001 12.6669
1761001 12.6734
1762001 12.6677
1763001 12.6616
1764001 12.6712
1765001 12.6672
1766001 12.6621
1767001 12.661
1768001 12.6494
1769001 12.6684
1770001 12.6667
1771001 12.6647
1772001 12.6658
1773001 12.6707
1774001 12.67
1775001 12.6876
1776001 12.6694
1777001 12.6719
1778001 12.6674
1779001 12.6652
1780001 12.6671
1781001 12.6726
1782001 12.6653
1783001 12.6665
1784001 12.6692
1785001 12.6592
1786001 12.6642
1787001 12.6549
1788001 12.6553
1789001 12.6631
1790001 12.6697
1791001 12.6743
1792001 12.6706
1793001 12.6684
1794001 12.6927
1795001 12.6893
1796001 12.683
1797001 12.6754
1798001 12.674
1799001 12.668
1800001 12.6707
1801001 12.6793
1802001 12.6878
1803001 12.6772
1804001 12.6793
1805001 12.6799
1806001 12.6845
1807001 12.6834
1808001 12.688
1809001 12.6924
1810001 12.6889
1811001 12.6928
1812001 12.6861
1813001 12.6878
1814001 12.6924
1815001 12.6914
1816001 12.693
1817001 12.6881
1818001 12.695
1819001 12.6945
1820001 12.6999
1821001 12.7055
1822001 12.6954
1823001 12.6959
1824001 12.6999
1825001 12.6936
1826001 12.6988
1827001 12.7118
1828001 12.7093
1829001 12.713
1830001 12.7218
1831001 12.7266
1832001 12.7228
1833001 12.7243
1834001 12.7309
1835001 12.7076
1836001 12.7158
1837001 12.719
1838001 12.7112
1839001 12.7071
1840001 12.7081
1841001 12.702
1842001 12.7069
1843001 12.7029
1844001 12.7022
1845001 12.7029
1846001 12.7083
1847001 12.704
1848001 12.6997
1849001 12.7112
1850001 12.7399
1851001 12.7457
1852001 12.7307
1853001 12.7211
1854001 12.7179
1855001 12.7159
1856001 12.7237
1857001 12.7207
1858001 12.7345
1859001 12.7403
1860001 12.7426
1861001 12.7455
1862001 12.7434
1863001 12.7487
1864001 12.7339
1865001 12.7414
1866001 12.7415
1867001 12.7428
1868001 12.7382
1869001 12.7367
1870001 12.7434
1871001 12.7423
1872001 12.7411
1873001 12.7451
1874001 12.7506
1875001 12.7634
1876001 12.7565
1877001 12.7423
1878001 12.744
1879001 12.7478
1880001 12.7401
1881001 12.7418
1882001 12.7523
1883001 12.7423
1884001 12.7462
1885001 12.7427
1886001 12.7356
1887001 12.7386
1888001 12.7282
1889001 12.7298
1890001 12.7382
1891001 12.7445
1892001 12.7468
1893001 12.7501
1894001 12.7536
1895001 12.765
1896001 12.7649
1897001 12.7508
1898001 12.7512
1899001 12.7495
1900001 12.7397
1901001 12.748
1902001 12.7544
1903001 12.7536
1904001 12.7533
1905001 12.7535
1906001 12.7562
1907001 12.7536
1908001 12.7564
1909001 12.7646
1910001 12.7672
1911001 12.7633
1912001 12.7687
1913001 12.762
1914001 12.7617
1915001 12.7658
1916001 12.7665
1917001 12.7656
1918001 12.765
1919001 12.7647
1920001 12.7747
1921001 12.7756
1922001 12.7746
1923001 12.7745
1924001 12.7697
1925001 12.7704
1926001 12.7687
1927001 12.7721
1928001 12.7767
1929001 12.7789
1930001 12.7896
1931001 12.7896
1932001 12.7913
1933001 12.7969
1934001 12.7933
1935001 12.796
1936001 12.7787
1937001 12.7861
1938001 12.7855
1939001 12.7878
1940001 12.7857
1941001 12.7743
1942001 12.7744
1943001 12.7808
1944001 12.7742
1945001 12.7735
1946001 12.7737
1947001 12.7755
1948001 12.7771
1949001 12.7824
1950001 12.7841
1951001 12.8102
1952001 12.8165
1953001 12.8006
1954001 12.7944
1955001 12.7823
1956001 12.7904
1957001 12.7938
1958001 12.8015
1959001 12.8071
1960001 12.8153
1961001 12.8137
1962001 12.826
1963001 12.8165
1964001 12.8128
1965001 12.8072
1966001 12.808
1967001 12.8149
1968001 12.8143
1969001 12.8047
1970001 12.8087
1971001 12.8183
1972001 12.8075
1973001 12.8134
1974001 12.8182
1975001 12.8191
1976001 12.8298
1977001 12.8251
1978001 12.8188
1979001 12.81
1980001 12.8168
1981001 12.8152
1982001 12.8118
1983001 12.8128
1984001 12.8134
1985001 12.8187
1986001 12.8087
1987001 12.8106
1988001 12.8059
1989001 12.7988
1990001 12.8052
1991001 12.8028
1992001 12.8192
1993001 12.8203
1994001 12.8172
1995001 12.824
1996001 12.8316
1997001 12.8265
1998001 12.8203
1999001 12.823
