1 99.7534
1001 23.8162
2001 18.2061
3001 15.1625
4001 13.0569
5001 11.5571
6001 10.3825
7001 9.44603
8001 8.69298
9001 8.03387
10001 7.51268
11001 7.06806
12001 6.65641
13001 6.3382
14001 5.96494
15001 5.6925
16001 5.43792
17001 5.26226
18001 5.02862
19001 4.85419
20001 4.67881
21001 4.5379
22001 4.37971
23001 4.25454
24001 4.11957
25001 4.00825
26001 3.89928
27001 3.79313
28001 3.69568
29001 3.60851
30001 3.51825
31001 3.43757
32001 3.36399
33001 3.28734
34001 3.21972
35001 3.15814
36001 3.09229
37001 3.03002
38001 2.97599
39001 2.91643
40001 2.87558
41001 2.82998
42001 2.78283
43001 2.73389
44001 2.6851
45001 2.65115
46001 2.60076
47001 2.55742
48001 2.5127
49001 2.47642
50001 2.44376
51001 2.39827
52001 2.3712
53001 2.33881
54001 2.305
55001 2.27756
56001 2.23813
57001 2.21046
58001 2.18961
59001 2.15552
60001 2.12015
61001 2.0918
62001 2.07604
63001 2.04438
64001 2.01509
65001 1.98703
66001 1.96313
67001 1.9369
68001 1.91398
69001 1.89498
70001 1.87323
71001 1.84606
72001 1.8255
73001 1.81016
74001 1.78791
75001 1.77175
76001 1.74462
77001 1.717
78001 1.71099
79001 1.69054
80001 1.67221
81001 1.65799
82001 1.64365
83001 1.62695
84001 1.60509
85001 1.59046
86001 1.57388
87001 1.55828
88001 1.54148
89001 1.52971
90001 1.51706
91001 1.50133
92001 1.4873
93001 1.47534
94001 1.46186
95001 1.4522
96001 1.43599
97001 1.42421
98001 1.40626
99001 1.39798
100001 1.38481
101001 3.37172
102001 1.83474
103001 1.47411
104001 1.38785
105001 1.34221
106001 1.32428
107001 1.29732
108001 1.27564
109001 1.26437
110001 1.24946
111001 1.24125
112001 1.23001
113001 1.21863
114001 1.21202
115001 1.1987
116001 1.19624
117001 1.18368
118001 1.18309
119001 1.1723
120001 1.16508
121001 1.16407
122001 1.1579
123001 1.14857
124001 1.14622
125001 1.13919
126001 1.1316
127001 1.1248
128001 1.12098
129001 1.11493
130001 1.11688
131001 1.10523
132001 1.09912
133001 1.10125
134001 1.09629
135001 1.08903
136001 1.08733
137001 1.08516
138001 1.07904
139001 1.07678
140001 1.07428
141001 1.07147
142001 1.06994
143001 1.06697
144001 1.06308
145001 1.06018
146001 1.06154
147001 1.05529
148001 1.05289
149001 1.0497
150001 1.04757
151001 1.03977
152001 1.03276
153001 1.03709
154001 1.03788
155001 1.02488
156001 1.02909
157001 1.02388
158001 1.0272
159001 1.02527
160001 1.01876
161001 1.01413
162001 1.01174
163001 1.01289
164001 1.00505
165001 1.00831
166001 1.00377
167001 1.00484
168001 0.995663
169001 0.995416
170001 0.999621
171001 0.995933
172001 0.994282
173001 0.994949
174001 0.985902
175001 0.982885
176001 0.984621
177001 0.983025
178001 0.97535
179001 0.97393
180001 0.975122
181001 0.973426
182001 0.973443
183001 0.981514
184001 0.976276
185001 0.96508
186001 0.968961
187001 0.965136
188001 0.960404
189001 0.959454
190001 0.964537
191001 0.959833
192001 0.954375
193001 0.958189
194001 0.951615
195001 0.953928
196001 0.955512
197001 0.959614
198001 0.94912
199001 0.947006
200001 0.946377
201001 0.945142
202001 1.46394
203001 1.04812
204001 0.976358
205001 0.955763
206001 0.944522
207001 0.944204
208001 0.94037
209001 0.935292
210001 0.933325
211001 0.932714
212001 0.928605
213001 0.930144
214001 0.925635
215001 0.929472
216001 0.92269
217001 0.918242
218001 0.923257
219001 0.923121
220001 0.923145
221001 0.920698
222001 0.922292
223001 0.923312
224001 0.91507
225001 0.914129
226001 0.917627
227001 0.917816
228001 0.909391
229001 0.91113
230001 0.908013
231001 0.908396
232001 0.905897
233001 0.902476
234001 0.903607
235001 0.905318
236001 0.897964
237001 0.909588
238001 0.900089
239001 0.897786
240001 0.89992
241001 0.90251
242001 0.901002
243001 0.901289
244001 0.901119
245001 0.902262
246001 0.900464
247001 0.903009
248001 0.899784
249001 0.897733
250001 0.902756
251001 0.898124
252001 0.89357
253001 0.891056
254001 0.892076
255001 0.894994
256001 0.892802
257001 0.891319
258001 0.892959
259001 0.895206
260001 0.892041
261001 0.886563
262001 0.89005
263001 0.890876
264001 0.896394
265001 0.889823
266001 0.888163
267001 0.887943
268001 0.887428
269001 0.884547
270001 0.888574
271001 0.887815
272001 0.885729
273001 0.886824
274001 0.883599
275001 0.884142
276001 0.881594
277001 0.882981
278001 0.879666
279001 0.878976
280001 0.880542
281001 0.883002
282001 0.878837
283001 0.885419
284001 0.885034
285001 0.881254
286001 0.878618
287001 0.879233
288001 0.881449
289001 0.879762
290001 0.87545
291001 0.879442
292001 0.880795
293001 0.873643
294001 0.879534
295001 0.877838
296001 0.87783
297001 0.880046
298001 0.880036
299001 0.875526
300001 0.873957
301001 0.870439
302001 0.873013
303001 0.984868
304001 0.903834
305001 0.884417
306001 0.877946
307001 0.878699
308001 0.875782
309001 0.870351
310001 0.872212
311001 0.868229
312001 0.875247
313001 0.870365
314001 0.869259
315001 0.867423
316001 0.870549
317001 0.872796
318001 0.866991
319001 0.872922
320001 0.86909
321001 0.868753
322001 0.873897
323001 0.875211
324001 0.867131
325001 0.870479
326001 0.864151
327001 0.874164
328001 0.872803
329001 0.862662
330001 0.863581
331001 0.864709
332001 0.866458
333001 0.864548
334001 0.861851
335001 0.863848
336001 0.862878
337001 0.862286
338001 0.867423
339001 0.86231
340001 0.859393
341001 0.859812
342001 0.866007
343001 0.862805
344001 0.86141
345001 0.870178
346001 0.863838
347001 0.862423
348001 0.868505
349001 0.869489
350001 0.863566
351001 0.863098
352001 0.865469
353001 0.86244
354001 0.862142
355001 0.865065
356001 0.863853
357001 0.863483
358001 0.85707
359001 0.864843
360001 0.864215
361001 0.86048
362001 0.853013
363001 0.859044
364001 0.861001
365001 0.858101
366001 0.862075
367001 0.866384
368001 0.858572
369001 0.860027
370001 0.855192
371001 0.857967
372001 0.863868
373001 0.860833
374001 0.858379
375001 0.858746
376001 0.858184
377001 0.856753
378001 0.85356
379001 0.848735
380001 0.853627
381001 0.857186
382001 0.860157
383001 0.856381
384001 0.861583
385001 0.85775
386001 0.855255
387001 0.857764
388001 0.853457
389001 0.854643
390001 0.856476
391001 0.857355
392001 0.859154
393001 0.849577
394001 0.854976
395001 0.856156
396001 0.85672
397001 0.855739
398001 0.860531
399001 0.855846
400001 0.851828
401001 0.852163
402001 0.852549
403001 0.88617
404001 0.883126
405001 0.863936
406001 0.861944
407001 0.853015
408001 0.859364
409001 0.855678
410001 0.850903
411001 0.85227
412001 0.852407
413001 0.854216
414001 0.855416
415001 0.85273
416001 0.854947
417001 0.85015
418001 0.855594
419001 0.851266
420001 0.858181
421001 0.852258
422001 0.853027
423001 0.858181
424001 0.855732
425001 0.853784
426001 0.856401
427001 0.851347
428001 0.852579
429001 0.850059
430001 0.850883
431001 0.847207
432001 0.853103
433001 0.848016
434001 0.847632
435001 0.84958
436001 0.851073
437001 0.845833
438001 0.850381
439001 0.851865
440001 0.852174
441001 0.848402
442001 0.850777
443001 0.851477
444001 0.850519
445001 0.849799
446001 0.853201
447001 0.84858
448001 0.853853
449001 0.852555
450001 0.853199
451001 0.851698
452001 0.856591
453001 0.849518
454001 0.849083
455001 0.850421
456001 0.852507
457001 0.851972
458001 0.848862
459001 0.848124
460001 0.854118
461001 0.851724
462001 0.850061
463001 0.848757
464001 0.844674
465001 0.851418
466001 0.848426
467001 0.85243
468001 0.85152
469001 0.850087
470001 0.847811
471001 0.845482
472001 0.850171
473001 0.851167
474001 0.852566
475001 0.85412
476001 0.847047
477001 0.848877
478001 0.848379
479001 0.846127
480001 0.843072
481001 0.845013
482001 0.850923
483001 0.845347
484001 0.84314
485001 0.853341
486001 0.849238
487001 0.845435
488001 0.848888
489001 0.8485
490001 0.845911
491001 0.843145
492001 0.8482
493001 0.848563
494001 0.843299
495001 0.845751
496001 0.846437
497001 0.850966
498001 0.851266
499001 0.853751
500001 0.849779
501001 0.844751
502001 0.84464
503001 0.846112
504001 0.869904
505001 0.860045
506001 0.852613
507001 0.84991
508001 0.843545
509001 0.849712
510001 0.847643
511001 0.843814
512001 0.845301
513001 0.846263
514001 0.844701
515001 0.849341
516001 0.845269
517001 0.848466
518001 0.845011
519001 0.843795
520001 0.844508
521001 0.850298
522001 0.849271
523001 0.850493
524001 0.851739
525001 0.848158
526001 0.848754
527001 0.845263
528001 0.848514
529001 0.848169
530001 0.839749
531001 0.846341
532001 0.843615
533001 0.845121
534001 0.841315
535001 0.839057
536001 0.841869
537001 0.845476
538001 0.841485
539001 0.847573
540001 0.843549
541001 0.843227
542001 0.844855
543001 0.845115
544001 0.844166
545001 0.844809
546001 0.843497
547001 0.847764
548001 0.847199
549001 0.850375
550001 0.847851
551001 0.84646
552001 0.851614
553001 0.847401
554001 0.845522
555001 0.840364
556001 0.84438
557001 0.849605
558001 0.844474
559001 0.843088
560001 0.845942
561001 0.849137
562001 0.84585
563001 0.843113
564001 0.844765
565001 0.843975
566001 0.847386
567001 0.846111
568001 0.84654
569001 0.848022
570001 0.84348
571001 0.840651
572001 0.843834
573001 0.848749
574001 0.846775
575001 0.845665
576001 0.84287
577001 0.842838
578001 0.842984
579001 0.84449
580001 0.838938
581001 0.840487
582001 0.843523
583001 0.847814
584001 0.839658
585001 0.848953
586001 0.847685
587001 0.845496
588001 0.838555
589001 0.843249
590001 0.847204
591001 0.844595
592001 0.840048
593001 0.845324
594001 0.848625
595001 0.836918
596001 0.847951
597001 0.842428
598001 0.844244
599001 0.8458
600001 0.848218
601001 0.84059
602001 0.840374
603001 0.841229
604001 0.841647
605001 0.851686
606001 0.851164
607001 0.845361
608001 0.841704
609001 0.844589
610001 0.846091
611001 0.840758
612001 0.838849
613001 0.840163
614001 0.842797
615001 0.842136
616001 0.844451
617001 0.843808
618001 0.84321
619001 0.846277
620001 0.843327
621001 0.847039
622001 0.84401
623001 0.843267
624001 0.846886
625001 0.85115
626001 0.842985
627001 0.845155
628001 0.839936
629001 0.847742
630001 0.848655
631001 0.842281
632001 0.840134
633001 0.841019
634001 0.841528
635001 0.839535
636001 0.837411
637001 0.841553
638001 0.84096
639001 0.839629
640001 0.845707
641001 0.842123
642001 0.837415
643001 0.838267
644001 0.844295
645001 0.839595
646001 0.841157
647001 0.845021
648001 0.843696
649001 0.842703
650001 0.850538
651001 0.845033
652001 0.842094
653001 0.845972
654001 0.845523
655001 0.842512
656001 0.840806
657001 0.84839
658001 0.842752
659001 0.842458
660001 0.840003
661001 0.843944
662001 0.845462
663001 0.840534
664001 0.83517
665001 0.840926
666001 0.840495
667001 0.843128
668001 0.844221
669001 0.850743
670001 0.844979
671001 0.843631
672001 0.837215
673001 0.841741
674001 0.845302
675001 0.844263
676001 0.843694
677001 0.842581
678001 0.841258
679001 0.842098
680001 0.837671
681001 0.836588
682001 0.839574
683001 0.842555
684001 0.844027
685001 0.844486
686001 0.844468
687001 0.843173
688001 0.842506
689001 0.840531
690001 0.840617
691001 0.841694
692001 0.842431
693001 0.841903
694001 0.844239
695001 0.836335
696001 0.842425
697001 0.843662
698001 0.842767
699001 0.841225
700001 0.846628
701001 0.845797
702001 0.840246
703001 0.841142
704001 0.838004
705001 0.838481
706001 0.845214
707001 0.845973
708001 0.844196
709001 0.839715
710001 0.84659
711001 0.840771
712001 0.838581
713001 0.841153
714001 0.840198
715001 0.841672
716001 0.841315
717001 0.839766
718001 0.842259
719001 0.838324
720001 0.842578
721001 0.837718
722001 0.848174
723001 0.840058
724001 0.839388
725001 0.847415
726001 0.846045
727001 0.842563
728001 0.845387
729001 0.841166
730001 0.841796
731001 0.843136
732001 0.840944
733001 0.837685
734001 0.841576
735001 0.836797
736001 0.838846
737001 0.84004
738001 0.839558
739001 0.840347
740001 0.838374
741001 0.842108
742001 0.842684
743001 0.838689
744001 0.840866
745001 0.841328
746001 0.841252
747001 0.842436
748001 0.845279
749001 0.840772
750001 0.845177
751001 0.844309
752001 0.845265
753001 0.841023
754001 0.845417
755001 0.841361
756001 0.840706
757001 0.84375
758001 0.844227
759001 0.8448
760001 0.840893
761001 0.838436
762001 0.846209
763001 0.84158
764001 0.843796
765001 0.837787
766001 0.836922
767001 0.84236
768001 0.843848
769001 0.844339
770001 0.84592
771001 0.839741
772001 0.838813
773001 0.839153
774001 0.841542
775001 0.845076
776001 0.846126
777001 0.844506
778001 0.840325
779001 0.840648
780001 0.841386
781001 0.837421
782001 0.835849
783001 0.840959
784001 0.842934
785001 0.839129
786001 0.837801
787001 0.844075
788001 0.838048
789001 0.838921
790001 0.838891
791001 0.837474
792001 0.838711
793001 0.835589
794001 0.8435
795001 0.841931
796001 0.836663
797001 0.838952
798001 0.840316
799001 0.842229
800001 0.845825
801001 0.844813
802001 0.841448
803001 0.839242
804001 0.84165
805001 0.837833
806001 0.840807
807001 0.843644
808001 0.84099
809001 0.838806
810001 0.834097
811001 0.844627
812001 0.841338
813001 0.837541
814001 0.835977
815001 0.83871
816001 0.837951
817001 0.843196
818001 0.838032
819001 0.841117
820001 0.84196
821001 0.839157
822001 0.838975
823001 0.846864
824001 0.844417
825001 0.841911
826001 0.847135
827001 0.842855
828001 0.840902
829001 0.842961
830001 0.841966
831001 0.841197
832001 0.836436
833001 0.839904
834001 0.839476
835001 0.842383
836001 0.836161
837001 0.835063
838001 0.835128
839001 0.839296
840001 0.836291
841001 0.838431
842001 0.838825
843001 0.838438
844001 0.83966
845001 0.841507
846001 0.838601
847001 0.838938
848001 0.840865
849001 0.838933
850001 0.842621
851001 0.844808
852001 0.841424
853001 0.843418
854001 0.842403
855001 0.843198
856001 0.843668
857001 0.834081
858001 0.840162
859001 0.843844
860001 0.839243
861001 0.840692
862001 0.840989
863001 0.846102
864001 0.843217
865001 0.840185
866001 0.838939
867001 0.837741
868001 0.842823
869001 0.840628
870001 0.842533
871001 0.842901
872001 0.841959
873001 0.836384
874001 0.838688
875001 0.842556
876001 0.842706
877001 0.843199
878001 0.842588
879001 0.838841
880001 0.840953
881001 0.837657
882001 0.834318
883001 0.834131
884001 0.836816
885001 0.841663
886001 0.838709
887001 0.84198
888001 0.846645
889001 0.845348
890001 0.835426
891001 0.843722
892001 0.839255
893001 0.839755
894001 0.834267
895001 0.84231
896001 0.840601
897001 0.836977
898001 0.844019
899001 0.839656
900001 0.839292
901001 0.843984
902001 0.846903
903001 0.838303
904001 0.839232
905001 0.840161
906001 0.840666
907001 0.840326
908001 0.842064
909001 0.839702
910001 0.839101
911001 0.837914
912001 0.841262
913001 0.840875
914001 0.839377
915001 0.836813
916001 0.842279
917001 0.8393
918001 0.841768
919001 0.839557
920001 0.841923
921001 0.838225
922001 0.838086
923001 0.842803
924001 0.841285
925001 0.843287
926001 0.841203
927001 0.84466
928001 0.843494
929001 0.841096
930001 0.837355
931001 0.844711
932001 0.847508
933001 0.838417
934001 0.837715
935001 0.837681
936001 0.841916
937001 0.83752
938001 0.838055
939001 0.8377
940001 0.839828
941001 0.835818
942001 0.843702
943001 0.836731
944001 0.835097
945001 0.836594
946001 0.840609
947001 0.839468
948001 0.838786
949001 0.843555
950001 0.842868
951001 0.845067
952001 0.846013
953001 0.842097
954001 0.841701
955001 0.847474
956001 0.8445
957001 0.837465
958001 0.836231
959001 0.844895
960001 0.839795
961001 0.840204
962001 0.837854
963001 0.84046
964001 0.842849
965001 0.838307
966001 0.832022
967001 0.840148
968001 0.839366
969001 0.844201
970001 0.840872
971001 0.844712
972001 0.843492
973001 0.840135
974001 0.837078
975001 0.839657
976001 0.84119
977001 0.841436
978001 0.84234
979001 0.841527
980001 0.841033
981001 0.838112
982001 0.836713
983001 0.836225
984001 0.838293
985001 0.84038
986001 0.842145
987001 0.84015
988001 0.842831
989001 0.841321
990001 0.838122
991001 0.836626
992001 0.83975
993001 0.842122
994001 0.838962
995001 0.836446
996001 0.840322
997001 0.838603
998001 0.836408
999001 0.841809
1000001 0.84238
1001001 0.840315
1002001 0.843745
1003001 0.842284
1004001 0.839805
1005001 0.839684
1006001 0.838766
1007001 0.83667
1008001 0.839489
1009001 0.844849
1010001 0.843838
1011001 0.839087
1012001 0.84266
1013001 0.840465
1014001 0.836016
1015001 0.841301
1016001 0.835905
1017001 0.840651
1018001 0.839266
1019001 0.840085
1020001 0.838134
1021001 0.839492
1022001 0.842545
1023001 0.83763
1024001 0.842444
1025001 0.838437
1026001 0.838495
1027001 0.843863
1028001 0.845904
1029001 0.841358
1030001 0.84369
1031001 0.838835
1032001 0.842852
1033001 0.844113
1034001 0.837574
1035001 0.837339
1036001 0.839863
1037001 0.837984
1038001 0.836734
1039001 0.83804
1040001 0.838251
1041001 0.838908
1042001 0.837535
1043001 0.840919
1044001 0.838992
1045001 0.834381
1046001 0.836822
1047001 0.839362
1048001 0.840622
1049001 0.841061
1050001 0.845596
1051001 0.840048
1052001 0.841269
1053001 0.846475
1054001 0.844076
1055001 0.838627
1056001 0.842782
1057001 0.842662
1058001 0.840722
1059001 0.841986
1060001 0.842467
1061001 0.843929
1062001 0.841338
1063001 0.835227
1064001 0.845678
1065001 0.841938
1066001 0.840332
1067001 0.835203
1068001 0.837452
1069001 0.841547
1070001 0.839729
1071001 0.841401
1072001 0.844915
1073001 0.8377
1074001 0.837867
1075001 0.83756
1076001 0.838574
1077001 0.84358
1078001 0.842321
1079001 0.840176
1080001 0.837612
1081001 0.840842
1082001 0.838143
1083001 0.835975
1084001 0.833664
1085001 0.837587
1086001 0.842067
1087001 0.83827
1088001 0.839446
1089001 0.843556
1090001 0.838388
1091001 0.835436
1092001 0.837659
1093001 0.837821
1094001 0.83922
1095001 0.837866
1096001 0.841849
1097001 0.843104
1098001 0.835463
1099001 0.837997
1100001 0.841171
1101001 0.840131
1102001 0.84117
1103001 0.844474
1104001 0.841508
1105001 0.837548
1106001 0.836562
1107001 0.838595
1108001 0.8403
1109001 0.839811
1110001 0.839749
1111001 0.840359
1112001 0.833606
1113001 0.843813
1114001 0.836578
1115001 0.835735
1116001 0.837981
1117001 0.837225
1118001 0.840853
1119001 0.840709
1120001 0.837293
1121001 0.842019
1122001 0.835194
1123001 0.839909
1124001 0.837192
1125001 0.843774
1126001 0.839696
1127001 0.840678
1128001 0.846478
1129001 0.843368
1130001 0.839924
1131001 0.845353
1132001 0.841531
1133001 0.838745
1134001 0.83593
1135001 0.8378
1136001 0.835994
1137001 0.842179
1138001 0.836041
1139001 0.835394
1140001 0.837895
1141001 0.839634
1142001 0.834134
1143001 0.838738
1144001 0.840232
1145001 0.83848
1146001 0.836786
1147001 0.838941
1148001 0.840654
1149001 0.837818
1150001 0.839045
1151001 0.841037
1152001 0.83915
1153001 0.842323
1154001 0.84148
1155001 0.842703
1156001 0.84242
1157001 0.846109
1158001 0.841231
1159001 0.834922
1160001 0.839997
1161001 0.842231
1162001 0.836339
1163001 0.840131
1164001 0.83922
1165001 0.846048
1166001 0.841324
1167001 0.840754
1168001 0.838438
1169001 0.836612
1170001 0.841834
1171001 0.839096
1172001 0.841194
1173001 0.841987
1174001 0.840846
1175001 0.837209
1176001 0.83534
1177001 0.842968
1178001 0.84052
1179001 0.841843
1180001 0.843548
1181001 0.837792
1182001 0.838098
1183001 0.838253
1184001 0.837459
1185001 0.834508
1186001 0.837182
1187001 0.842036
1188001 0.836715
1189001 0.837911
1190001 0.847196
1191001 0.843611
1192001 0.83635
1193001 0.841809
1194001 0.83933
1195001 0.835838
1196001 0.835635
1197001 0.843316
1198001 0.83991
1199001 0.836
1200001 0.841319
1201001 0.835898
1202001 0.8399
1203001 0.841084
1204001 0.846988
1205001 0.840054
1206001 0.837775
1207001 0.838404
1208001 0.836979
1209001 0.838212
1210001 0.842261
1211001 0.841113
1212001 0.838368
1213001 0.836616
1214001 0.840165
1215001 0.841218
1216001 0.83571
1217001 0.83511
1218001 0.839214
1219001 0.837009
1220001 0.84139
1221001 0.837317
1222001 0.842683
1223001 0.837099
1224001 0.835778
1225001 0.840244
1226001 0.84185
1227001 0.845661
1228001 0.841561
1229001 0.84468
1230001 0.844482
1231001 0.841655
1232001 0.840858
1233001 0.843877
1234001 0.843557
1235001 0.835999
1236001 0.838538
1237001 0.835988
1238001 0.839619
1239001 0.836159
1240001 0.833756
1241001 0.837783
1242001 0.837626
1243001 0.832129
1244001 0.843582
1245001 0.836623
1246001 0.835268
1247001 0.838996
1248001 0.837704
1249001 0.837861
1250001 0.838335
1251001 0.838837
1252001 0.841381
1253001 0.841901
1254001 0.844656
1255001 0.841909
1256001 0.839057
1257001 0.845402
1258001 0.84179
1259001 0.838783
1260001 0.83367
1261001 0.838841
1262001 0.841403
1263001 0.839666
1264001 0.837834
1265001 0.839001
1266001 0.844492
1267001 0.840366
1268001 0.836631
1269001 0.838858
1270001 0.83969
1271001 0.846306
1272001 0.839934
1273001 0.840815
1274001 0.841567
1275001 0.83786
1276001 0.83688
1277001 0.840951
1278001 0.842617
1279001 0.839471
1280001 0.840858
1281001 0.838364
1282001 0.838875
1283001 0.8381
1284001 0.83888
1285001 0.835622
1286001 0.836985
1287001 0.838468
1288001 0.84072
1289001 0.8371
1290001 0.844317
1291001 0.843725
1292001 0.839146
1293001 0.83588
1294001 0.837569
1295001 0.842785
1296001 0.83859
1297001 0.835126
1298001 0.841001
1299001 0.843438
1300001 0.833033
1301001 0.843027
1302001 0.840415
1303001 0.841959
1304001 0.841249
1305001 0.843219
1306001 0.83676
1307001 0.835404
1308001 0.836673
1309001 0.836897
1310001 0.839517
1311001 0.84259
1312001 0.83625
1313001 0.837701
1314001 0.841976
1315001 0.83943
1316001 0.835228
1317001 0.838304
1318001 0.834479
1319001 0.839914
1320001 0.839593
1321001 0.836112
1322001 0.835773
1323001 0.84091
1324001 0.841433
1325001 0.837961
1326001 0.84429
1327001 0.839735
1328001 0.838229
1329001 0.843661
1330001 0.844466
1331001 0.839002
1332001 0.842928
1333001 0.835948
1334001 0.848544
1335001 0.84474
1336001 0.836091
1337001 0.836267
1338001 0.83801
1339001 0.840285
1340001 0.837214
1341001 0.836118
1342001 0.839827
1343001 0.836848
1344001 0.837849
1345001 0.841103
1346001 0.836447
1347001 0.833588
1348001 0.836499
1349001 0.840673
1350001 0.83756
1351001 0.838483
1352001 0.845809
1353001 0.840046
1354001 0.839807
1355001 0.846478
1356001 0.845252
1357001 0.839943
1358001 0.84233
1359001 0.842967
1360001 0.839694
1361001 0.838366
1362001 0.843002
1363001 0.841876
1364001 0.840838
1365001 0.836943
1366001 0.842682
1367001 0.84214
1368001 0.838524
1369001 0.832066
1370001 0.837976
1371001 0.840263
1372001 0.839453
1373001 0.842736
1374001 0.848414
1375001 0.840462
1376001 0.839938
1377001 0.836608
1378001 0.839208
1379001 0.842539
1380001 0.842209
1381001 0.839299
1382001 0.839842
1383001 0.840426
1384001 0.837686
1385001 0.834526
1386001 0.832089
1387001 0.837246
1388001 0.839589
1389001 0.842794
1390001 0.840378
1391001 0.84157
1392001 0.839098
1393001 0.838573
1394001 0.841226
1395001 0.839816
1396001 0.838008
1397001 0.839064
1398001 0.839128
1399001 0.843666
1400001 0.832274
1401001 0.838201
1402001 0.840072
1403001 0.840113
1404001 0.840446
1405001 0.845266
1406001 0.841333
1407001 0.836607
1408001 0.83597
1409001 0.838522
1410001 0.840812
1411001 0.839486
1412001 0.839767
1413001 0.840743
1414001 0.835627
1415001 0.842877
1416001 0.837111
1417001 0.835257
1418001 0.838419
1419001 0.837376
1420001 0.838733
1421001 0.839893
1422001 0.839133
1423001 0.839945
1424001 0.83689
1425001 0.842768
1426001 0.836807
1427001 0.844892
1428001 0.837939
1429001 0.839518
1430001 0.843846
1431001 0.841745
1432001 0.838429
1433001 0.842995
1434001 0.838527
1435001 0.83971
1436001 0.838823
1437001 0.837328
1438001 0.834157
1439001 0.840112
1440001 0.834093
1441001 0.834937
1442001 0.837446
1443001 0.838996
1444001 0.836328
1445001 0.838221
1446001 0.839909
1447001 0.841892
1448001 0.836859
1449001 0.840298
1450001 0.839907
1451001 0.839756
1452001 0.839271
1453001 0.841809
1454001 0.836614
1455001 0.843552
1456001 0.842878
1457001 0.842925
1458001 0.840789
1459001 0.845026
1460001 0.837415
1461001 0.837683
1462001 0.840475
1463001 0.842207
1464001 0.840764
1465001 0.838676
1466001 0.837
1467001 0.844739
1468001 0.841107
1469001 0.84044
1470001 0.838599
1471001 0.834047
1472001 0.841012
1473001 0.840279
1474001 0.840389
1475001 0.84145
1476001 0.841153
1477001 0.837012
1478001 0.835761
1479001 0.840909
1480001 0.842203
1481001 0.843
1482001 0.844199
1483001 0.838749
1484001 0.839656
1485001 0.838628
1486001 0.837359
1487001 0.833198
1488001 0.836318
1489001 0.84259
1490001 0.837646
1491001 0.834595
1492001 0.843144
1493001 0.839313
1494001 0.83798
1495001 0.839164
1496001 0.838467
1497001 0.836811
1498001 0.834741
1499001 0.839935
1500001 0.839722
1501001 0.835192
1502001 0.837898
1503001 0.83875
1504001 0.840953
1505001 0.842547
1506001 0.844007
1507001 0.841303
1508001 0.838251
1509001 0.837381
1510001 0.837534
1511001 0.838312
1512001 0.840503
1513001 0.840731
1514001 0.840146
1515001 0.833153
1516001 0.840645
1517001 0.83821
1518001 0.836272
1519001 0.838388
1520001 0.838881
1521001 0.838512
1522001 0.841841
1523001 0.837887
1524001 0.840975
1525001 0.838477
1526001 0.838151
1527001 0.837762
1528001 0.84437
1529001 0.844383
1530001 0.843087
1531001 0.844812
1532001 0.841414
1533001 0.840369
1534001 0.839528
1535001 0.842177
1536001 0.839748
1537001 0.833133
1538001 0.840446
1539001 0.839216
1540001 0.839214
1541001 0.833677
1542001 0.833961
1543001 0.835953
1544001 0.838536
1545001 0.835735
1546001 0.838912
1547001 0.837051
1548001 0.837791
1549001 0.839544
1550001 0.839869
1551001 0.839981
1552001 0.838594
1553001 0.839183
1554001 0.840564
1555001 0.841151
1556001 0.843426
1557001 0.840326
1558001 0.841004
1559001 0.84448
1560001 0.842241
1561001 0.841342
1562001 0.834669
1563001 0.838256
1564001 0.843525
1565001 0.839177
1566001 0.838779
1567001 0.840088
1568001 0.844551
1569001 0.840483
1570001 0.838941
1571001 0.840447
1572001 0.837913
1573001 0.843062
1574001 0.840749
1575001 0.840814
1576001 0.84262
1577001 0.840232
1578001 0.836553
1579001 0.83715
1580001 0.843938
1581001 0.841071
1582001 0.842729
1583001 0.839371
1584001 0.838151
1585001 0.839262
1586001 0.837601
1587001 0.833214
1588001 0.834654
1589001 0.837062
1590001 0.842919
1591001 0.836059
1592001 0.842494
1593001 0.845177
1594001 0.842538
1595001 0.834111
1596001 0.839535
1597001 0.841871
1598001 0.840138
1599001 0.833976
1600001 0.841087
1601001 0.843081
1602001 0.832821
1603001 0.842675
1604001 0.838826
1605001 0.839135
1606001 0.842676
1607001 0.844568
1608001 0.835983
1609001 0.836357
1610001 0.838783
1611001 0.839349
1612001 0.838714
1613001 0.842091
1614001 0.83783
1615001 0.836974
1616001 0.83831
1617001 0.840129
1618001 0.836765
1619001 0.835091
1620001 0.835266
1621001 0.838555
1622001 0.838754
1623001 0.8409
1624001 0.839719
1625001 0.839539
1626001 0.838987
1627001 0.839607
1628001 0.842944
1629001 0.839562
1630001 0.840513
1631001 0.84274
1632001 0.84552
1633001 0.840476
1634001 0.840144
1635001 0.836841
1636001 0.845986
1637001 0.84677
1638001 0.836791
1639001 0.836722
1640001 0.837762
1641001 0.838874
1642001 0.837433
1643001 0.834167
1644001 0.837017
1645001 0.836601
1646001 0.836512
1647001 0.842284
1648001 0.838138
1649001 0.83436
1650001 0.835147
1651001 0.837793
1652001 0.837243
1653001 0.837671
1654001 0.842905
1655001 0.841675
1656001 0.841561
1657001 0.846872
1658001 0.841372
1659001 0.840233
1660001 0.843151
1661001 0.842985
1662001 0.839207
1663001 0.837483
1664001 0.844189
1665001 0.839566
1666001 0.839134
1667001 0.836776
1668001 0.841872
1669001 0.843765
1670001 0.838315
1671001 0.832437
1672001 0.838694
1673001 0.837369
1674001 0.839931
1675001 0.840897
1676001 0.848492
1677001 0.842292
1678001 0.841626
1679001 0.833098
1680001 0.837616
1681001 0.841756
1682001 0.840731
1683001 0.841052
1684001 0.840103
1685001 0.83987
1686001 0.838643
1687001 0.836051
1688001 0.834328
1689001 0.837489
1690001 0.840776
1691001 0.841023
1692001 0.841822
1693001 0.841501
1694001 0.840414
1695001 0.839421
1696001 0.836742
1697001 0.83855
1698001 0.840486
1699001 0.840466
1700001 0.839054
1701001 0.840446
1702001 0.835512
1703001 0.837058
1704001 0.840303
1705001 0.841731
1706001 0.841323
1707001 0.84211
1708001 0.843804
1709001 0.837069
1710001 0.840376
1711001 0.836993
1712001 0.838589
1713001 0.837457
1714001 0.843123
1715001 0.842409
1716001 0.83761
1717001 0.842029
1718001 0.839101
1719001 0.836979
1720001 0.839531
1721001 0.837793
1722001 0.839379
1723001 0.839365
1724001 0.838617
1725001 0.840704
1726001 0.835265
1727001 0.84191
1728001 0.835944
1729001 0.845903
1730001 0.837845
1731001 0.8377
1732001 0.844936
1733001 0.845319
1734001 0.841262
1735001 0.843821
1736001 0.836797
1737001 0.841251
1738001 0.841555
1739001 0.837563
1740001 0.834793
1741001 0.841175
1742001 0.833472
1743001 0.838279
1744001 0.838103
1745001 0.838496
1746001 0.837404
1747001 0.835242
1748001 0.839266
1749001 0.839139
1750001 0.83717
1751001 0.838471
1752001 0.839854
1753001 0.840506
1754001 0.839503
1755001 0.844516
1756001 0.840582
1757001 0.843453
1758001 0.842859
1759001 0.844746
1760001 0.839035
1761001 0.842853
1762001 0.839771
1763001 0.83852
1764001 0.841524
1765001 0.84338
1766001 0.842403
1767001 0.839977
1768001 0.835629
1769001 0.845094
1770001 0.840899
1771001 0.841807
1772001 0.835314
1773001 0.835532
1774001 0.840878
1775001 0.842555
1776001 0.843037
1777001 0.84472
1778001 0.839573
1779001 0.836828
1780001 0.837924
1781001 0.840361
1782001 0.843934
1783001 0.84331
1784001 0.843343
1785001 0.837746
1786001 0.838076
1787001 0.840617
1788001 0.834847
1789001 0.832934
1790001 0.837759
1791001 0.841259
1792001 0.836468
1793001 0.83682
1794001 0.842582
1795001 0.836311
1796001 0.837724
1797001 0.836587
1798001 0.836465
1799001 0.837366
1800001 0.836037
1801001 0.841502
1802001 0.840504
1803001 0.835195
1804001 0.837446
1805001 0.839505
1806001 0.83959
1807001 0.843992
1808001 0.843265
1809001 0.840616
1810001 0.838569
1811001 0.838423
1812001 0.837444
1813001 0.840771
1814001 0.839264
1815001 0.838816
1816001 0.835659
1817001 0.834405
1818001 0.842178
1819001 0.83875
1820001 0.835531
1821001 0.835953
1822001 0.837006
1823001 0.837022
1824001 0.84181
1825001 0.837627
1826001 0.840796
1827001 0.838478
1828001 0.837985
1829001 0.837602
1830001 0.844861
1831001 0.842106
1832001 0.840515
1833001 0.845971
1834001 0.840879
1835001 0.839483
1836001 0.841344
1837001 0.84209
1838001 0.840056
1839001 0.83569
1840001 0.837991
1841001 0.836844
1842001 0.841408
1843001 0.833961
1844001 0.833245
1845001 0.837099
1846001 0.837105
1847001 0.835653
1848001 0.836051
1849001 0.838812
1850001 0.836441
1851001 0.838957
1852001 0.840176
1853001 0.837624
1854001 0.838204
1855001 0.838855
1856001 0.838399
1857001 0.841435
1858001 0.84389
1859001 0.839315
1860001 0.843152
1861001 0.84166
1862001 0.841758
1863001 0.841847
1864001 0.833012
1865001 0.840145
1866001 0.843822
1867001 0.838881
1868001 0.839391
1869001 0.838596
1870001 0.845387
1871001 0.841357
1872001 0.838761
1873001 0.837694
1874001 0.834373
1875001 0.840095
1876001 0.839269
1877001 0.841932
1878001 0.841672
1879001 0.842313
1880001 0.834935
1881001 0.83657
1882001 0.841687
1883001 0.842002
1884001 0.842854
1885001 0.843419
1886001 0.836606
1887001 0.838904
1888001 0.8377
1889001 0.834957
1890001 0.832747
1891001 0.83564
1892001 0.840615
1893001 0.835871
1894001 0.839883
1895001 0.84597
1896001 0.842491
1897001 0.835214
1898001 0.841231
1899001 0.839055
1900001 0.838408
1901001 0.833282
1902001 0.841527
1903001 0.840987
1904001 0.836465
1905001 0.841153
1906001 0.837987
1907001 0.838069
1908001 0.843766
1909001 0.847102
1910001 0.838273
1911001 0.839712
1912001 0.839711
1913001 0.839017
1914001 0.838568
1915001 0.840314
1916001 0.839208
1917001 0.837606
1918001 0.837108
1919001 0.839982
1920001 0.841109
1921001 0.83792
1922001 0.83644
1923001 0.840851
1924001 0.837341
1925001 0.839907
1926001 0.838528
1927001 0.841099
1928001 0.83588
1929001 0.835567
1930001 0.841598
1931001 0.840025
1932001 0.841551
1933001 0.841827
1934001 0.843741
1935001 0.844665
1936001 0.841317
1937001 0.836397
1938001 0.845568
1939001 0.845418
1940001 0.837628
1941001 0.836158
1942001 0.838069
1943001 0.839999
1944001 0.836983
1945001 0.834904
1946001 0.83827
1947001 0.838747
1948001 0.834962
1949001 0.842915
1950001 0.836835
1951001 0.834996
1952001 0.837356
1953001 0.83964
1954001 0.838592
1955001 0.837813
1956001 0.841319
1957001 0.841531
1958001 0.843258
1959001 0.843173
1960001 0.840836
1961001 0.84041
1962001 0.846106
1963001 0.841484
1964001 0.838502
1965001 0.836399
1966001 0.842905
1967001 0.840765
1968001 0.839098
1969001 0.83876
1970001 0.840474
1971001 0.841901
1972001 0.83954
1973001 0.83139
1974001 0.838669
1975001 0.839158
1976001 0.843704
1977001 0.838954
1978001 0.842004
1979001 0.842787
1980001 0.840627
1981001 0.836787
1982001 0.840502
1983001 0.841793
1984001 0.840065
1985001 0.841697
1986001 0.84119
1987001 0.839253
1988001 0.837295
1989001 0.837664
1990001 0.834935
1991001 0.836357
1992001 0.84012
1993001 0.842316
1994001 0.839268
1995001 0.843348
1996001 0.840234
1997001 0.838825
1998001 0.835439
1999001 0.840353
