2000 50 8 0.00236804 1.65939e-09 2020.98
2000 100 10 0.00736969 6.51221e-09 1864.91
2000 200 15 0.0160594 8.9462e-09 1761.2
2000 500 28 0.0700742 9.14629e-09 1481.49
2000 750 46 0.168993 7.8502e-09 1317.97
4000 50 7 0.00546256 7.99219e-10 3895.21
4000 100 8 0.0127469 7.95981e-09 3865.11
4000 200 12 0.0276283 3.00209e-09 3745.39
4000 500 19 0.104676 3.87511e-09 3539.82
4000 750 24 0.222782 5.84731e-09 3246.98
4000 1000 31 0.474262 9.4335e-09 2995.12
20000 50 5 0.0235942 3.84591e-09 19727.2
20000 100 6 0.0583706 1.42069e-09 19589.2
20000 200 7 0.127228 3.3443e-09 20162.9
20000 500 10 0.510811 5.40995e-09 19335.8
20000 750 12 0.909404 7.9234e-10 19125.8
20000 1000 13 1.30506 1.3656e-09 18680.8
20000 2000 18 3.55697 5.25742e-09 17782.8
20000 4000 29 11.2582 6.2794e-09 15893.1
40000 50 5 0.0502021 1.37577e-10 39896.1
40000 100 6 0.253196 6.29267e-11 39854
40000 200 6 0.265015 7.8293e-09 39465.1
40000 500 9 0.92443 1.25309e-09 39908
40000 750 10 1.55125 8.7874e-10 39018
40000 1000 11 2.24776 4.9981e-10 38971.9
40000 2000 14 5.69609 4.498e-09 38178
40000 4000 20 15.7177 2.0415e-09 35989
40000 10000 37 70.9867 6.0316e-09 30012.2
80000 50 5 0.218548 1.15374e-11 80128
80000 100 5 0.565075 1.08021e-09 79384.1
80000 200 6 0.538842 2.99242e-10 78907.1
80000 500 8 1.69166 8.1659e-10 78951.9
80000 750 9 2.82533 2.81571e-10 79064.1
80000 1000 9 3.76173 2.64941e-09 78999.1
80000 2000 11 9.02525 1.03251e-09 77525.1
80000 4000 14 21.918 7.8184e-09 77039
80000 10000 23 85.5864 5.3027e-09 69721
