2000 50 0.0468293 1477 2020.95 2.29243e-09 0.0960633
2000 100 0.117428 3543 1864.9 1.52161e-09 0.240686
2000 200 0.332716 9385 1761.19 8.64784e-10 0.688406
2000 500 2.29352 52949 1481.49 1.19463e-09 4.85203
2000 750 7.95431 163346 1317.96 1.03195e-09 16.8556
4000 50 0.0916197 1458 3895.24 1.02813e-09 0.187701
4000 100 0.213719 3228 3865.12 1.04094e-09 0.437177
4000 200 0.518972 7374 3745.38 1.18686e-09 1.0638
4000 500 3.29566 28549 3539.85 1.97018e-09 6.73209
4000 750 9.48851 59849 3246.95 1.38512e-09 19.374
4000 1000 20.5249 113784 2995.14 7.2283e-10 41.8796
20000 50 0.518147 1421 19727.3 2.82233e-09 1.0665
20000 100 1.44581 3078 19589.3 1.27903e-09 2.93692
20000 200 4.6989 6490 20162.9 1.11613e-09 9.49355
20000 500 23.3315 17890 19335.6 1.11417e-09 46.9539
20000 750 41.2618 28360 19125.7 9.98379e-10 83.083
20000 1000 63.8956 40794 18680.6 1.59092e-09 128.39
20000 2000 209.902 109081 17782.6 1.58185e-09 420.936
20000 4000 866.456 379152 15893.1 1.22804e-09 1747.28
40000 50 1.26093 1438 39896.4 4.12586e-09 2.55654
40000 100 4.51153 3020 39853.9 1.37188e-09 9.10591
40000 200 14.2956 6436 39465.4 2.28216e-09 28.8106
40000 500 53.2997 17192 39908 1.10654e-09 107.138
40000 750 88.9928 27227 39018 2.60871e-09 178.789
40000 1000 127.273 37552 38971.8 1.14221e-09 255.704
40000 2000 358.235 86326 38177.9 1.21663e-09 719.697
40000 4000 1097.84 224235 35988.9 1.1496e-09 2205.35
40000 10000 6754.63 1290204 30012.4 1.11402e-09 13607
80000 50 4.50261 1441 80127.9 3.06128e-09 9.12417
80000 100 14.461 3012 79384.4 1.53248e-09 29.1011
80000 200 37.7598 6386 78907.4 1.69791e-09 75.9084
80000 500 120.53 17010 78951.6 1.1149e-09 241.977
80000 750 189.854 26345 79064.3 1.18751e-09 381.233
80000 1000 266.085 36054 78999.4 1.30764e-09 534.263
80000 2000 701.147 79350 77525.3 2.2204e-09 1407.16
80000 4000 1842.12 179422 77039.1 6.90441e-09 3680.14
80000 10000 7844.11 674918 69721 1.12161e-09 15790
