2000 50 0.0323086 1068 2020.95 2.17069e-09 0.0669966
2000 100 0.0824048 2661 1864.9 2.93205e-09 0.170479
2000 200 0.254936 7904 1761.19 5.63512e-09 0.530213
2000 500 1.5581 43285 1481.49 9.62281e-10 3.32912
2000 750 5.2499 134088 1317.96 1.95347e-09 11.3459
4000 50 0.0628001 1023 3895.24 2.19726e-09 0.130239
4000 100 0.151024 2371 3865.12 3.10843e-09 0.311181
4000 200 0.407412 6081 3745.39 4.82437e-09 0.839431
4000 500 2.47298 23495 3539.85 1.51672e-09 5.12011
4000 750 7.19237 49128 3246.95 2.20973e-09 14.7969
4000 1000 15.4858 94955 2995.14 7.7142e-10 31.8869
20000 50 0.345788 948 19727.3 8.44576e-09 0.718727
20000 100 0.991988 2112 19589.3 1.58955e-09 2.04216
20000 200 3.42215 4811 20162.9 1.51782e-08 6.96415
20000 500 18.1007 14235 19335.6 1.29222e-09 36.5062
20000 750 33.6105 23861 19125.7 3.11388e-09 67.7176
20000 1000 52.9639 34917 18680.6 3.13068e-09 106.723
20000 2000 171.307 92491 17782.6 9.35467e-10 345.224
20000 4000 717.708 319023 15893.1 1.52606e-09 1449.42
40000 50 0.854702 928 39896.4 1.27418e-08 1.73325
40000 100 3.13192 2110 39854 2.15606e-09 6.36634
40000 200 10.3865 4699 39465.4 3.86977e-09 20.9452
40000 500 40.6338 13178 39908 1.20505e-09 81.7932
40000 750 71.0696 21845 39018 2.82689e-09 142.966
40000 1000 102.343 30471 38971.8 4.1012e-09 205.912
40000 2000 296.437 72064 38177.9 1.79255e-09 594.583
40000 4000 923.108 192364 35988.9 1.65599e-09 1857.37
40000 10000 5578.45 1090984 30012.4 1.29539e-09 11267.6
80000 50 2.94329 932 80127.8 2.12036e-09 5.98243
80000 100 9.97035 2102 79384.5 1.21463e-08 20.1194
80000 200 26.8688 4587 78907.4 3.64883e-09 54.0185
80000 500 90.0944 12965 78951.7 2.64151e-09 181.15
80000 750 143.059 19806 79064.3 1.64731e-09 287.448
80000 1000 217.125 29536 78999.4 4.10623e-09 436.461
80000 2000 581.059 65639 77525.6 2.53893e-08 1167.26
80000 4000 1554.15 153127 77039.1 1.60371e-09 3123.07
80000 10000 6530.61 569473 69721 1.27782e-09 13139
