2000 50 0.00058586 1163 1.86285e-05 9.99148e-09 0.00317064
2000 100 0.00253979 2409 1.89418e-05 9.87862e-09 0.00987871
2000 200 0.0104014 4892 1.68995e-05 9.70815e-09 0.0338656
2000 500 0.079699 14831 1.23717e-05 9.92603e-09 0.227453
2000 750 0.251184 31172 7.51872e-06 9.99208e-09 0.687137
4000 50 0.000581501 1163 3.94154e-05 9.99148e-09 0.00491332
4000 100 0.00248939 2371 3.87472e-05 9.95047e-09 0.0135969
4000 200 0.0103841 4878 3.69508e-05 9.98278e-09 0.0408108
4000 500 0.0666988 12412 3.48183e-05 9.99966e-09 0.211624
4000 750 0.161236 20008 3.01498e-05 9.99017e-09 0.479445
4000 1000 0.319755 29757 2.30983e-05 9.99942e-09 0.914846
20000 50 0.000576951 1163 0.000200836 9.99148e-09 0.0211658
20000 100 0.00248814 2371 0.0002001 9.95047e-09 0.0421438
20000 200 0.010338 4849 0.000192543 9.98448e-09 0.0992756
20000 500 0.0646779 12004 0.000194877 9.99414e-09 0.354945
20000 750 0.150102 18585 0.000192947 9.97809e-09 0.667426
20000 1000 0.270644 25121 0.000190485 9.99938e-09 1.07799
20000 2000 1.17097 51578 0.000176889 9.99929e-09 3.78513
20000 4000 5.34761 115478 0.000144582 9.99772e-09 15.3738
40000 50 0.000581833 1163 0.000400585 9.99148e-09 0.0365469
40000 100 0.00248916 2371 0.00039579 9.95047e-09 0.076365
40000 200 0.0103131 4849 0.000391294 9.98448e-09 0.176131
40000 500 0.0646531 12004 0.000393031 9.99414e-09 0.536285
40000 750 0.150257 18585 0.000393921 9.97809e-09 0.934244
40000 1000 0.270263 25088 0.000390703 9.98283e-09 1.44143
40000 2000 1.17354 51523 0.000381956 9.99588e-09 4.51678
40000 4000 4.95485 106795 0.000360549 9.99648e-09 15.804
40000 10000 38.2608 329385 0.000234148 9.99836e-09 106.83
80000 50 0.000581161 1163 0.000799316 9.99148e-09 0.0714567
80000 100 0.00249172 2371 0.000788732 9.95047e-09 0.153294
80000 200 0.0103494 4849 0.000797502 9.98448e-09 0.317687
80000 500 0.0646227 12004 0.000797038 9.99414e-09 0.896306
80000 750 0.150055 18585 0.000789163 9.97809e-09 1.48224
80000 1000 0.270124 25088 0.00079109 9.98283e-09 2.1585
80000 2000 1.17307 51816 0.000770589 9.99791e-09 6.0024
80000 4000 4.95956 107343 0.000757161 9.99638e-09 18.8173
80000 10000 32.0753 276428 0.000689723 9.99716e-09 98.1169
80000 20000 157.51 680369 0.000468201 9.99989e-09 438.625
160000 50 0.000577233 1163 0.00160396 9.99148e-09 0.144027
160000 100 0.00249107 2371 0.00157903 9.95047e-09 0.292503
160000 200 0.0103229 4849 0.00159474 9.98448e-09 0.602834
160000 500 0.0646326 12004 0.00159373 9.99414e-09 1.62181
160000 750 0.150084 18585 0.00158028 9.97809e-09 2.60133
160000 1000 0.270145 25088 0.00158717 9.98283e-09 3.59876
160000 2000 1.16847 51816 0.00157956 9.99791e-09 8.87046
160000 4000 4.9247 106636 0.00155246 9.99906e-09 24.2688
160000 10000 31.7993 274287 0.00151196 9.99895e-09 112.113
160000 20000 131.282 567285 0.00139073 9.99864e-09 400.401
