2000 50 0.000539222 1042 3.46159e-06 1.71876e-09 0.00333592
2000 100 0.00265239 2243 2.77833e-06 1.45276e-09 0.0102467
2000 200 0.0102279 4689 2.29838e-06 1.2355e-09 0.0340801
2000 500 0.0755382 14591 1.72008e-06 1.64416e-09 0.225537
2000 750 0.23753 31200 1.32964e-06 2.56032e-09 0.68372
4000 50 0.000608002 1091 4.4745e-06 1.1185e-09 0.00582791
4000 100 0.00274974 2219 5.29952e-06 1.32804e-09 0.013805
4000 200 0.010525 4722 4.11981e-06 1.11205e-09 0.042953
4000 500 0.0647354 12244 3.54034e-06 9.82969e-10 0.214065
4000 750 0.158917 20139 3.02889e-06 1.07353e-09 0.48932
4000 1000 0.330842 30606 2.78987e-06 1.47013e-09 0.981138
20000 50 0.000725082 1067 3.36909e-05 1.70117e-09 0.0223992
20000 100 0.00313168 2246 2.68676e-05 1.36136e-09 0.0468813
20000 200 0.0126352 4644 2.15609e-05 1.07259e-09 0.106493
20000 500 0.0865294 12358 1.7648e-05 9.01417e-10 0.406268
20000 750 0.184034 18746 2.00504e-05 1.05378e-09 0.756355
20000 1000 0.320318 25330 1.77398e-05 9.38608e-10 1.20802
20000 2000 1.23879 52039 1.83943e-05 1.02287e-09 4.04906
20000 4000 5.25588 115774 1.43737e-05 1.07013e-09 15.6749
40000 50 0.00081766 1055 6.20662e-05 1.57196e-09 0.0400374
40000 100 0.00380978 2263 4.4646e-05 1.11199e-09 0.0837275
40000 200 0.0162107 4725 4.30086e-05 1.08712e-09 0.185515
40000 500 0.0906387 12319 4.38036e-05 1.10994e-09 0.598185
40000 750 0.192586 18826 3.84854e-05 9.83516e-10 1.05257
40000 1000 0.328546 25343 4.14505e-05 1.05721e-09 1.59016
40000 2000 1.28289 51978 4.01943e-05 1.05479e-09 4.85213
40000 4000 4.99198 106875 3.72626e-05 1.03048e-09 16.3085
40000 10000 36.9286 333814 2.49572e-05 1.19107e-09 107.953
80000 50 0.00104478 1080 0.000101463 1.27251e-09 0.07844
80000 100 0.00538622 2270 7.65805e-05 9.56019e-10 0.165538
80000 200 0.0191136 4670 8.44696e-05 1.0529e-09 0.342606
80000 500 0.0983204 12233 8.68569e-05 1.08419e-09 0.967598
80000 750 0.198808 18787 8.26736e-05 1.05574e-09 1.59891
80000 1000 0.339272 25305 8.00761e-05 1.01577e-09 2.35295
80000 2000 1.32491 51873 8.02379e-05 1.02471e-09 6.39193
80000 4000 5.04631 106730 7.53987e-05 9.86792e-10 19.4033
80000 10000 30.7946 277265 6.81744e-05 9.84669e-10 98.5027
80000 20000 147.77 682270 5.05822e-05 1.18941e-09 433.606
160000 50 0.0018696 1076 0.000216854 1.35789e-09 0.156462
160000 100 0.00796632 2273 0.000225631 1.40989e-09 0.31618
160000 200 0.0215145 4683 0.000227163 1.41597e-09 0.632112
160000 500 0.102375 12342 0.00016884 1.06122e-09 1.71522
160000 750 0.210191 18649 0.000158403 9.92225e-10 2.72781
160000 1000 0.380334 25411 0.000166427 1.04536e-09 3.89642
160000 2000 1.34245 52066 0.000162687 1.02602e-09 9.30468
160000 4000 5.08452 106626 0.000156618 1.00527e-09 25.0982
160000 10000 30.6191 276317 0.000148279 9.90158e-10 112.7
160000 20000 123.534 569524 0.000136798 9.93554e-10 396.078
