2000 50 0.00058587 1042 3.46159e-06 1.71876e-09 0.00331945
2000 100 0.00289317 2239 2.23215e-06 1.14161e-09 0.0105866
2000 200 0.0112117 4791 2.2877e-06 1.28422e-09 0.0354858
2000 500 0.0864393 15394 2.63164e-06 3.39537e-09 0.243168
2000 750 0.298283 35696 2.55011e-06 6.52058e-09 0.806803
4000 50 0.000822233 1091 4.4745e-06 1.1185e-09 0.00556119
4000 100 0.0028647 2219 5.29952e-06 1.32804e-09 0.0143896
4000 200 0.0112253 4684 3.90613e-06 9.71287e-10 0.0427036
4000 500 0.0721253 12629 3.50901e-06 1.01168e-09 0.225617
4000 750 0.178129 20651 3.41898e-06 1.35909e-09 0.519389
4000 1000 0.381227 32665 5.13111e-06 3.85124e-09 1.06511
20000 50 0.00126468 1067 3.36909e-05 1.70117e-09 0.0223384
20000 100 0.00375375 2246 2.68676e-05 1.36136e-09 0.0444156
20000 200 0.0134979 4644 2.15609e-05 1.07259e-09 0.105583
20000 500 0.0925171 12358 1.7648e-05 9.01417e-10 0.408833
20000 750 0.199698 18746 2.00504e-05 1.05378e-09 0.771235
20000 1000 0.345389 25225 1.98504e-05 1.0358e-09 1.23224
20000 2000 1.33368 52653 1.7819e-05 1.00489e-09 4.15101
20000 4000 6.05734 119558 1.89786e-05 1.72674e-09 16.8574
40000 50 0.00226765 1055 6.20662e-05 1.57196e-09 0.0405528
40000 100 0.00532789 2263 4.4646e-05 1.11199e-09 0.0854989
40000 200 0.0183861 4725 4.30086e-05 1.08712e-09 0.18873
40000 500 0.0991191 12319 4.38036e-05 1.10994e-09 0.601025
40000 750 0.205453 18826 3.84854e-05 9.83516e-10 1.05704
40000 1000 0.355284 25343 4.14505e-05 1.05721e-09 1.61766
40000 2000 1.3811 52095 3.8617e-05 1.02109e-09 4.9821
40000 4000 5.5118 108121 3.54484e-05 9.82463e-10 16.9206
40000 10000 43.1364 354563 4.89569e-05 3.46322e-09 118.215
80000 50 0.00374749 1080 0.000101463 1.27251e-09 0.0784826
80000 100 0.0080034 2270 7.65805e-05 9.56019e-10 0.160053
80000 200 0.0225799 4670 8.44696e-05 1.0529e-09 0.342255
80000 500 0.109513 12233 8.68569e-05 1.08419e-09 0.98701
80000 750 0.213113 18787 8.26736e-05 1.05574e-09 1.62727
80000 1000 0.38258 25305 8.00761e-05 1.01577e-09 2.38981
80000 2000 1.41458 51873 8.02379e-05 1.02471e-09 6.43137
80000 4000 5.54885 107109 7.69554e-05 1.01598e-09 19.8977
80000 10000 34.3909 282486 6.91715e-05 1.01845e-09 103.2
80000 20000 173.104 725539 8.91439e-05 3.0844e-09 476.051
160000 50 0.00609323 1076 0.000216854 1.35789e-09 0.155155
160000 100 0.0122202 2273 0.000225631 1.40989e-09 0.313906
160000 200 0.0273681 4683 0.000227163 1.41597e-09 0.633474
160000 500 0.114402 12342 0.00016884 1.06122e-09 1.72099
160000 750 0.24228 18649 0.000158403 9.92225e-10 2.76842
160000 1000 0.410129 25411 0.000166427 1.04536e-09 3.87548
160000 2000 1.46461 52066 0.000162687 1.02602e-09 9.5304
160000 4000 5.55988 106626 0.000156618 1.00527e-09 25.5933
160000 10000 33.952 276831 0.000151699 1.0132e-09 116.5
160000 20000 138.522 579160 0.000139265 1.00791e-09 415.931
