2000 50 0.00137647 1098 3.88704e-06 2.00825e-09 0.00486105
2000 100 0.00425925 2350 2.01039e-06 9.73401e-10 0.0134043
2000 200 0.0151249 5325 2.20462e-06 1.25042e-09 0.0446534
2000 500 0.118394 20428 2.39414e-06 3.22765e-09 0.333847
2000 750 0.404854 49033 2.10235e-06 5.26385e-09 1.12312
4000 50 0.00150038 1081 5.66022e-06 1.4601e-09 0.00681929
4000 100 0.00446983 2305 5.06479e-06 1.30747e-09 0.0173109
4000 200 0.0144911 4873 4.11606e-06 1.06202e-09 0.0506502
4000 500 0.0868999 14489 3.58092e-06 1.04943e-09 0.26726
4000 750 0.220518 25892 3.92916e-06 1.80737e-09 0.649926
4000 1000 0.479987 43024 5.52004e-06 4.17551e-09 1.3769
20000 50 0.00189301 1018 3.20805e-05 1.63953e-09 0.0237131
20000 100 0.00535403 2262 2.44339e-05 1.2115e-09 0.0495103
20000 200 0.0169925 4672 2.11683e-05 1.05556e-09 0.114807
20000 500 0.0952494 12565 1.92026e-05 9.86011e-10 0.425349
20000 750 0.200207 19520 1.96109e-05 1.0416e-09 0.790343
20000 1000 0.353369 26705 1.95662e-05 1.05041e-09 1.29009
20000 2000 1.46447 59106 1.7185e-05 9.93547e-10 4.6043
20000 4000 7.11876 153184 1.95723e-05 2.00793e-09 20.6233
40000 50 0.00226194 1068 3.76266e-05 9.3025e-10 0.0412013
40000 100 0.00634477 2235 4.95526e-05 1.25304e-09 0.0871144
40000 200 0.021151 4713 4.8207e-05 1.20447e-09 0.197691
40000 500 0.10421 12488 4.40703e-05 1.11496e-09 0.6255
40000 750 0.210982 19055 4.12366e-05 1.05779e-09 1.08022
40000 1000 0.367064 25911 3.81738e-05 9.84662e-10 1.66615
40000 2000 1.41842 54843 3.90317e-05 1.02236e-09 5.19638
40000 4000 5.76903 121027 3.37114e-05 9.61679e-10 18.3319
40000 10000 52.3501 466680 4.26968e-05 2.97771e-09 149.543
80000 50 0.00277667 1070 0.000138364 1.73292e-09 0.079035
80000 100 0.00788357 2236 9.15814e-05 1.1528e-09 0.164476
80000 200 0.025458 4700 8.17584e-05 1.02971e-09 0.345353
80000 500 0.110734 12228 8.15784e-05 1.02349e-09 1.01074
80000 750 0.230569 19016 8.17376e-05 1.03575e-09 1.65439
80000 1000 0.388434 25531 7.7624e-05 9.82461e-10 2.39499
80000 2000 1.4447 53413 8.49641e-05 1.08512e-09 6.66829
80000 4000 5.45706 112689 7.72801e-05 1.01751e-09 20.3289
80000 10000 37.1666 328777 6.8557e-05 1.0812e-09 115.521
80000 20000 209.426 957016 8.43352e-05 2.96996e-09 602.458
160000 50 0.00340709 1079 0.000159158 9.94601e-10 0.15304
160000 100 0.0102944 2240 0.000223264 1.39085e-09 0.309643
160000 200 0.0263747 4693 0.000168533 1.05607e-09 0.642881
160000 500 0.123414 12331 0.000179445 1.12894e-09 1.9124
160000 750 0.247783 18800 0.000167571 1.05705e-09 2.99842
160000 1000 0.410277 25322 0.00015798 9.9778e-10 3.99072
160000 2000 1.46026 52702 0.000156959 9.95805e-10 9.67922
160000 4000 5.38233 109632 0.000155893 1.00378e-09 25.9104
160000 10000 33.5248 296578 0.000147246 9.95042e-10 119.982
160000 20000 147.731 676257 0.000135377 1.06552e-09 464.651
