2000 50 0.000799521 1127 2.94039e-06 1.50992e-09 0.00375381
2000 100 0.0033958 2289 2.86574e-06 1.55123e-09 0.011736
2000 200 0.0124759 4799 2.1071e-06 1.29406e-09 0.0387977
2000 500 0.0885966 15675 2.42881e-06 3.23533e-09 0.257729
2000 750 0.296713 36597 2.86007e-06 7.35071e-09 0.833097
4000 50 0.000853383 1101 4.65025e-06 1.20315e-09 0.00602113
4000 100 0.00355985 2304 5.0668e-06 1.31776e-09 0.0154315
4000 200 0.0126116 4737 3.64835e-06 9.65179e-10 0.0457397
4000 500 0.0729197 12630 3.81835e-06 1.12796e-09 0.231965
4000 750 0.173279 20675 4.07282e-06 1.62853e-09 0.524759
4000 1000 0.363532 32717 5.73396e-06 4.08395e-09 1.06233
20000 50 0.000936663 1058 2.42483e-05 1.20828e-09 0.0219739
20000 100 0.00388662 2283 2.47218e-05 1.24814e-09 0.04562
20000 200 0.0135395 4623 2.4822e-05 1.25037e-09 0.109336
20000 500 0.0915439 12253 2.25168e-05 1.15121e-09 0.419414
20000 750 0.195871 18820 1.81941e-05 9.44079e-10 0.77483
20000 1000 0.335027 25347 1.93353e-05 1.00204e-09 1.22971
20000 2000 1.27457 52773 1.83625e-05 1.03106e-09 4.12159
20000 4000 5.79502 123406 3.03007e-05 3.15005e-09 16.9837
40000 50 0.00103083 1113 4.83445e-05 1.21248e-09 0.0374356
40000 100 0.00401298 2253 3.95529e-05 1.00249e-09 0.0800338
40000 200 0.0145498 4649 4.34904e-05 1.08989e-09 0.185495
40000 500 0.0969532 12252 3.98214e-05 1.02082e-09 0.608651
40000 750 0.213505 18805 4.43952e-05 1.12939e-09 1.08188
40000 1000 0.34168 25332 4.2064e-05 1.06901e-09 1.60359
40000 2000 1.32047 51963 3.69735e-05 9.70467e-10 4.92756
40000 4000 5.23868 108732 3.98659e-05 1.13038e-09 16.8079
40000 10000 40.8542 365101 5.58868e-05 4.09175e-09 118.203
80000 50 0.00102324 1080 0.000119422 1.49014e-09 0.0726904
80000 100 0.00426158 2226 8.901e-05 1.1251e-09 0.1552
80000 200 0.0200089 4759 6.4226e-05 7.99738e-10 0.329982
80000 500 0.107002 12126 7.77818e-05 9.83859e-10 0.979505
80000 750 0.227702 18680 7.84107e-05 9.81644e-10 1.64313
80000 1000 0.381454 25286 8.14569e-05 1.03898e-09 2.41946
80000 2000 1.37256 51921 7.46322e-05 9.53838e-10 6.51367
80000 4000 5.18507 107040 7.61743e-05 1.00653e-09 19.5126
80000 10000 31.7924 284026 7.05738e-05 1.0563e-09 101.157
80000 20000 160.01 733528 0.00010432 3.67875e-09 466.392
160000 50 0.00111627 1077 0.000190093 1.18433e-09 0.144561
160000 100 0.00550145 2248 0.000170395 1.06532e-09 0.296783
160000 200 0.0205736 4671 0.000171074 1.07289e-09 0.615895
160000 500 0.116074 12228 0.000141485 8.9389e-10 1.73423
160000 750 0.235447 18749 0.000161949 1.02434e-09 2.7802
160000 1000 0.405639 25282 0.000156579 9.84555e-10 3.92552
160000 2000 1.39474 52035 0.000150972 9.57859e-10 9.47869
160000 4000 5.18667 106921 0.000156738 1.00666e-09 25.4766
160000 10000 31.1229 277095 0.000151159 9.98643e-10 113.535
160000 20000 126.68 581660 0.000145922 1.07833e-09 404.605
