2000 50 0.000773912 1045 3.55942e-06 1.73634e-09 0.00353805
2000 100 0.00281169 2211 2.37455e-06 1.20754e-09 0.0104452
2000 200 0.0104763 4655 1.95126e-06 1.10801e-09 0.0345117
2000 500 0.0756688 14582 3.04151e-06 3.53612e-09 0.225993
2000 750 0.2565 33463 3.25814e-06 7.2581e-09 0.736383
4000 50 0.000871113 1073 5.11834e-06 1.30927e-09 0.00542567
4000 100 0.00291309 2212 4.77789e-06 1.23642e-09 0.0138973
4000 200 0.010724 4679 4.37388e-06 1.13313e-09 0.0432938
4000 500 0.0659302 12339 4.0813e-06 1.23044e-09 0.217755
4000 750 0.162623 20067 5.55271e-06 2.54438e-09 0.500341
4000 1000 0.338776 30979 7.70981e-06 5.1813e-09 0.999837
20000 50 0.00100706 1069 2.09627e-05 1.05068e-09 0.0214806
20000 100 0.00338254 2247 2.23082e-05 1.13208e-09 0.0433985
20000 200 0.0134224 4714 2.09564e-05 1.05623e-09 0.109901
20000 500 0.0861559 12224 1.88726e-05 9.5934e-10 0.404762
20000 750 0.185208 18666 1.96163e-05 1.01721e-09 0.760887
20000 1000 0.322127 25342 2.26757e-05 1.197e-09 1.21003
20000 2000 1.27135 52173 2.19004e-05 1.23104e-09 4.13104
20000 4000 5.42024 116242 3.09606e-05 3.06806e-09 16.0551
40000 50 0.00107013 1060 5.67837e-05 1.42265e-09 0.0378746
40000 100 0.00392875 2179 4.74468e-05 1.18812e-09 0.0817906
40000 200 0.0166794 4674 3.61177e-05 9.13733e-10 0.186419
40000 500 0.093121 12247 4.5935e-05 1.16277e-09 0.598811
40000 750 0.198817 18762 4.01752e-05 1.02903e-09 1.04849
40000 1000 0.329463 25251 4.55139e-05 1.16639e-09 1.59033
40000 2000 1.33525 52091 4.69331e-05 1.25e-09 4.95276
40000 4000 5.11749 106952 4.59701e-05 1.30737e-09 16.5365
40000 10000 36.9507 333218 6.99761e-05 4.59908e-09 107.973
80000 50 0.00139422 1073 9.36078e-05 1.17423e-09 0.0745268
80000 100 0.00534189 2215 9.42872e-05 1.17747e-09 0.15749
80000 200 0.0197467 4682 9.20988e-05 1.15363e-09 0.330326
80000 500 0.0944973 12269 8.99362e-05 1.13482e-09 0.965259
80000 750 0.202646 18840 8.28636e-05 1.04883e-09 1.61498
80000 1000 0.342322 25317 8.93908e-05 1.1324e-09 2.36177
80000 2000 1.35084 51899 8.47269e-05 1.08766e-09 6.4452
80000 4000 5.09617 106746 8.90956e-05 1.18124e-09 19.4651
80000 10000 30.8466 277884 8.70255e-05 1.30326e-09 98.4202
80000 20000 150.826 694006 0.000135203 4.33222e-09 441.984
160000 50 0.00253807 1061 0.00024054 1.50257e-09 0.147755
160000 100 0.00735987 2239 0.000219988 1.3732e-09 0.306235
160000 200 0.021803 4676 0.000162613 1.01558e-09 0.622566
160000 500 0.102865 12216 0.000178707 1.11302e-09 1.71963
160000 750 0.231103 18792 0.000165777 1.04709e-09 2.75233
160000 1000 0.396634 25258 0.000170336 1.07264e-09 3.96081
160000 2000 1.37326 52053 0.000173297 1.10176e-09 9.32583
160000 4000 5.1258 106709 0.000176303 1.13937e-09 25.3854
160000 10000 30.9165 276162 0.000179169 1.19907e-09 113.318
160000 20000 123.886 568860 0.000177897 1.33017e-09 397.387
