2000 50 0.000565373 1094 2.85292e-06 1.45928e-09 0.00329242
2000 100 0.00282448 2341 2.18822e-06 1.1828e-09 0.0104229
2000 200 0.0117498 5324 1.86593e-06 1.10436e-09 0.0378003
2000 500 0.105423 20536 2.3381e-06 3.05472e-09 0.308375
2000 750 0.373182 49084 2.2994e-06 5.86918e-09 1.05754
4000 50 0.000628571 1119 4.95e-06 1.22882e-09 0.00515895
4000 100 0.00285129 2293 5.9637e-06 1.54585e-09 0.0138648
4000 200 0.0112204 4967 4.27589e-06 1.09996e-09 0.0447435
4000 500 0.0760169 14566 3.61328e-06 1.10843e-09 0.246604
4000 750 0.200636 25767 3.39476e-06 1.46784e-09 0.604227
4000 1000 0.446509 42880 5.26865e-06 4.03433e-09 1.30235
20000 50 0.000764052 1071 3.76379e-05 1.8926e-09 0.0214591
20000 100 0.00318357 2261 2.88718e-05 1.45501e-09 0.0437158
20000 200 0.0127234 4784 2.5401e-05 1.30926e-09 0.106555
20000 500 0.0860681 12620 2.20423e-05 1.13579e-09 0.402373
20000 750 0.183705 19433 1.92961e-05 1.00047e-09 0.758776
20000 1000 0.334071 26788 1.95351e-05 1.02997e-09 1.24267
20000 2000 1.38327 58924 1.77583e-05 1.01622e-09 4.44334
20000 4000 7.05051 152944 1.81401e-05 1.76788e-09 20.4416
40000 50 0.000941583 1108 6.05286e-05 1.53795e-09 0.0381966
40000 100 0.00359504 2181 6.40671e-05 1.61126e-09 0.078641
40000 200 0.0161728 4733 3.91931e-05 9.81709e-10 0.181321
40000 500 0.0935938 12484 4.15336e-05 1.06224e-09 0.594056
40000 750 0.19115 19104 3.87144e-05 9.87235e-10 1.04571
40000 1000 0.33896 26012 3.85195e-05 9.96893e-10 1.59542
40000 2000 1.35151 54843 4.06233e-05 1.08198e-09 5.03176
40000 4000 5.68831 121163 3.46738e-05 1.00475e-09 18.1216
40000 10000 51.6897 468034 4.51648e-05 3.26257e-09 148.054
80000 50 0.00100385 1038 0.000107716 1.35005e-09 0.0736
80000 100 0.0054062 2225 0.000105582 1.32053e-09 0.15423
80000 200 0.0198913 4709 9.2514e-05 1.16523e-09 0.334791
80000 500 0.0985455 12351 8.53825e-05 1.07534e-09 0.968781
80000 750 0.202756 18912 8.12161e-05 1.02869e-09 1.60174
80000 1000 0.357307 25544 8.23649e-05 1.04013e-09 2.3681
80000 2000 1.35365 53445 7.7048e-05 9.91007e-10 6.48589
80000 4000 5.34556 112923 7.942e-05 1.0611e-09 20.1061
80000 10000 36.5018 328649 6.71896e-05 1.03054e-09 113.881
80000 20000 207.901 956732 8.32005e-05 2.91096e-09 598.069
160000 50 0.00180413 1067 0.0001918 1.19686e-09 0.147177
160000 100 0.0078895 2213 0.00019255 1.20336e-09 0.308212
160000 200 0.0233189 4642 0.000163393 1.01778e-09 0.632371
160000 500 0.1016 12325 0.000186214 1.1607e-09 1.72668
160000 750 0.227373 18915 0.000156763 9.88274e-10 2.73249
160000 1000 0.377578 25410 0.000165629 1.035e-09 3.82506
160000 2000 1.36785 52675 0.000160441 1.01707e-09 9.35148
160000 4000 5.22555 109747 0.00015809 1.01872e-09 25.5587
160000 10000 33.1623 296777 0.000149744 1.01629e-09 119.505
160000 20000 146.868 675054 0.000136911 1.08272e-09 459.726
