2000 50 0.00154566 1262 0.000581068 2.03938e-09 0.00528664
2000 100 0.00495153 2808 0.000311962 1.08638e-09 0.015118
2000 200 0.0198246 7102 0.000313931 1.45793e-09 0.0564538
2000 500 0.210933 36647 0.000196104 2.96962e-09 0.581029
2000 750 0.866905 105577 7.01441e-05 1.68747e-09 2.3755
4000 50 0.00176266 1292 0.00155491 2.28207e-09 0.00788821
4000 100 0.00519762 2736 0.000528358 9.6204e-10 0.0191104
4000 200 0.0178126 6060 0.000576789 9.8341e-10 0.0582984
4000 500 0.119272 20078 0.000483594 1.5393e-09 0.351916
4000 750 0.3557 42124 0.000317543 1.25662e-09 1.01363
4000 1000 0.839326 76543 0.000426126 3.60285e-09 2.35751
20000 50 0.00225742 1249 0.00326969 1.15311e-09 0.0244502
20000 100 0.00615187 2641 0.00301499 1.0589e-09 0.0528711
20000 200 0.0191496 5428 0.00405998 1.43427e-09 0.119559
20000 500 0.110407 14829 0.00277895 1.0157e-09 0.45694
20000 750 0.235824 23069 0.00292886 1.11205e-09 0.882458
20000 1000 0.415855 31889 0.00332904 1.2456e-09 1.45126
20000 2000 1.89692 77577 0.0024633 1.26378e-09 5.7639
20000 4000 11.7272 253087 0.00178905 1.90959e-09 32.9969
40000 50 0.00261545 1266 0.0143324 2.43352e-09 0.0417927
40000 100 0.00717314 2590 0.00647444 1.12671e-09 0.0865287
40000 200 0.0244205 5463 0.00708157 1.11674e-09 0.198718
40000 500 0.115114 14371 0.00777731 1.12535e-09 0.646947
40000 750 0.241088 22123 0.00605747 1.09467e-09 1.15983
40000 1000 0.427531 30259 0.00636767 1.08658e-09 1.81597
40000 2000 1.67613 65317 0.00599591 1.03716e-09 5.83874
40000 4000 7.52026 158966 0.00447232 1.10178e-09 23.1313
40000 10000 93.8073 836419 0.00254306 1.71342e-09 261.627
80000 50 0.00317948 1271 0.0161229 1.40146e-09 0.0800896
80000 100 0.00967982 2627 0.0145712 1.26191e-09 0.166749
80000 200 0.0293218 5377 0.0132127 1.16409e-09 0.354471
80000 500 0.131393 14172 0.0125702 1.09676e-09 1.0537
80000 750 0.267014 21649 0.0124298 1.01936e-09 1.75304
80000 1000 0.450465 29303 0.0118306 1.05181e-09 2.62381
80000 2000 1.67575 62350 0.0107983 9.74189e-10 7.29105
80000 4000 6.56409 134896 0.0105279 1.02759e-09 23.3181
80000 10000 51.7277 459214 0.00778634 1.13627e-09 155.119
80000 20000 373.995 1715635 0.00493812 1.70658e-09 1052.88
160000 50 0.00401541 1252 0.0365662 1.55772e-09 0.155441
160000 100 0.0128479 2637 0.0255795 1.11375e-09 0.32083
160000 200 0.0329561 5409 0.0237066 9.78544e-10 0.658985
160000 500 0.13995 14101 0.0256375 1.11693e-09 1.80771
160000 750 0.282652 21400 0.0273828 1.19054e-09 2.86992
160000 1000 0.469193 29216 0.0253517 1.10172e-09 4.07532
160000 2000 1.67406 60487 0.0252402 1.04672e-09 10.3134
160000 4000 6.27096 127419 0.0237823 1.05551e-09 28.8805
160000 10000 40.7085 359266 0.0210137 1.05102e-09 139.799
160000 20000 206.449 941959 0.0147388 1.0217e-09 623.025
