2000 50 0.000709832 1423 0.00271339 9.63852e-09 0.0065073
2000 100 0.00310095 2947 0.00322824 9.71266e-09 0.0150353
2000 200 0.012272 5769 0.00259702 9.9889e-09 0.042513
2000 500 0.105287 19597 0.00147768 9.99579e-09 0.298444
2000 750 0.340784 42281 0.000844781 9.99983e-09 0.921247
4000 50 0.000709962 1423 0.00543376 9.63852e-09 0.00883857
4000 100 0.00305024 2899 0.0054719 9.99983e-09 0.0186281
4000 200 0.0121398 5703 0.0055452 9.85026e-09 0.0508217
4000 500 0.0820275 15257 0.00465659 9.95035e-09 0.256835
4000 750 0.200089 24823 0.00397907 9.99603e-09 0.589154
4000 1000 0.423499 39404 0.00284884 9.997e-09 1.19572
20000 50 0.000712383 1423 0.0270319 9.63852e-09 0.0255382
20000 100 0.00305474 2899 0.0278145 9.99983e-09 0.0523962
20000 200 0.0120699 5672 0.0280814 9.98078e-09 0.109
20000 500 0.0803069 14915 0.0278829 9.95799e-09 0.418372
20000 750 0.182452 22567 0.0273177 9.99927e-09 0.79448
20000 1000 0.328653 30522 0.0276412 9.98956e-09 1.27594
20000 2000 1.42004 62509 0.025094 9.99916e-09 4.50089
20000 4000 6.9246 149131 0.0175462 9.99902e-09 19.6699
40000 50 0.000711681 1423 0.0546973 9.63852e-09 0.0475542
40000 100 0.00304135 2899 0.0563314 9.99983e-09 0.0920966
40000 200 0.0120635 5672 0.0569729 9.98078e-09 0.198771
40000 500 0.0803275 14915 0.056729 9.95799e-09 0.629027
40000 750 0.183086 22647 0.0599226 9.95666e-09 1.07356
40000 1000 0.329589 30594 0.0618553 9.9734e-09 1.67032
40000 2000 1.41633 62157 0.0530723 9.9853e-09 5.20107
40000 4000 5.95918 128338 0.0508691 9.99626e-09 18.4686
40000 10000 50.806 438015 0.0281976 9.99893e-09 139.493
80000 50 0.000707561 1423 0.110362 9.63852e-09 0.0727965
80000 100 0.00304222 2899 0.113728 9.99983e-09 0.151192
80000 200 0.0120875 5672 0.114037 9.98078e-09 0.320924
80000 500 0.0803104 14915 0.113514 9.95799e-09 0.940121
80000 750 0.182875 22647 0.120806 9.95666e-09 1.56557
80000 1000 0.329594 30594 0.126321 9.9734e-09 2.31767
80000 2000 1.41561 62520 0.129337 9.98736e-09 6.60978
80000 4000 5.88922 127999 0.119489 9.99892e-09 21.2044
80000 10000 39.0311 336816 0.0940415 9.99811e-09 116.255
80000 20000 209.094 900868 0.0590232 9.99963e-09 572.137
160000 50 0.000706802 1423 0.22117 9.63852e-09 0.14307
160000 100 0.00304412 2899 0.228154 9.99983e-09 0.295845
160000 200 0.0120803 5672 0.227589 9.98078e-09 0.607128
160000 500 0.0803749 14915 0.228428 9.95799e-09 1.65968
160000 750 0.182996 22647 0.243421 9.95666e-09 2.65851
160000 1000 0.329521 30594 0.25286 9.9734e-09 3.8235
160000 2000 1.41849 62520 0.263557 9.98736e-09 9.83673
160000 4000 5.91553 127503 0.224115 9.99927e-09 27.0595
160000 10000 38.2515 329694 0.214237 9.9984e-09 128.852
160000 20000 159.93 689630 0.200268 9.99823e-09 474.503
