2000 50 0.000664011 1316 0.000401736 1.48448e-09 0.00364386
2000 100 0.0032462 2736 0.000470336 1.76878e-09 0.0116859
2000 200 0.012447 5702 0.000365688 1.44078e-09 0.0399828
2000 500 0.0997374 19264 0.000197776 1.09161e-09 0.291847
2000 750 0.334385 43999 0.000121851 1.08108e-09 0.953418
4000 50 0.000733702 1309 0.00102474 1.8036e-09 0.00574125
4000 100 0.00336334 2723 0.000812257 1.42439e-09 0.0159871
4000 200 0.012435 5565 0.000770749 1.3446e-09 0.0484104
4000 500 0.0792657 15026 0.000537931 1.15711e-09 0.25387
4000 750 0.197982 25246 0.000398916 9.46708e-10 0.596476
4000 1000 0.425733 39838 0.000341822 1.25516e-09 1.24263
20000 50 0.000898832 1326 0.00562599 1.94027e-09 0.0235407
20000 100 0.00383886 2749 0.00486538 1.63687e-09 0.0477993
20000 200 0.0151099 5611 0.00472276 1.6847e-09 0.109315
20000 500 0.101858 14706 0.00293568 1.037e-09 0.441662
20000 750 0.221477 22548 0.00290241 1.03787e-09 0.850259
20000 1000 0.384558 30514 0.00303339 1.08913e-09 1.37924
20000 2000 1.45489 62595 0.0027672 1.11665e-09 4.655
20000 4000 6.85945 148927 0.00214475 1.25081e-09 19.9327
40000 50 0.00101042 1296 0.0128356 2.21903e-09 0.041669
40000 100 0.00462243 2718 0.00778556 1.33154e-09 0.0880198
40000 200 0.0205749 5701 0.0069905 1.21253e-09 0.196753
40000 500 0.112265 14786 0.00628904 1.14017e-09 0.653409
40000 750 0.228912 22636 0.00600107 1.06144e-09 1.1564
40000 1000 0.401208 30492 0.00657426 1.16131e-09 1.7804
40000 2000 1.53041 62349 0.0066046 1.09862e-09 5.51742
40000 4000 6.03379 128288 0.00599915 1.19709e-09 19.0706
40000 10000 48.7413 439401 0.00305735 1.03724e-09 139.904
80000 50 0.00136429 1328 0.0147165 1.27623e-09 0.0802321
80000 100 0.00660771 2758 0.0218064 1.87362e-09 0.164098
80000 200 0.0234353 5675 0.0158295 1.3825e-09 0.352261
80000 500 0.114849 14948 0.0126945 1.04912e-09 1.02261
80000 750 0.240699 22536 0.0121488 1.06983e-09 1.70676
80000 1000 0.432822 30566 0.012471 1.08383e-09 2.57261
80000 2000 1.57837 62673 0.0127737 1.0881e-09 7.10945
80000 4000 6.05691 128399 0.0112823 1.0283e-09 22.0157
80000 10000 37.4362 338235 0.00953643 1.01633e-09 116.422
80000 20000 195.59 902839 0.00609169 1.10308e-09 565.324
160000 50 0.0023523 1322 0.0527031 2.28851e-09 0.158201
160000 100 0.00988707 2746 0.0260988 1.14444e-09 0.313899
160000 200 0.0273648 5638 0.0261671 1.12246e-09 0.64792
160000 500 0.135029 14748 0.0221545 9.72068e-10 1.78908
160000 750 0.266404 22467 0.0260129 1.14812e-09 2.87488
160000 1000 0.450893 30264 0.0265439 1.06909e-09 4.04346
160000 2000 1.60834 62334 0.0243475 1.0856e-09 10.0196
160000 4000 6.07716 127507 0.0228561 1.03139e-09 32.8967
160000 10000 36.711 329649 0.022122 1.05123e-09 129.161
160000 20000 149.854 688246 0.0196753 1.06015e-09 470.267
