2000 50 0.000717292 1316 0.000401736 1.48448e-09 0.00390399
2000 100 0.00330711 2703 0.000382566 1.45203e-09 0.0116893
2000 200 0.0135186 5770 0.000276696 1.04596e-09 0.0412479
2000 500 0.114657 20263 0.000234163 1.91738e-09 0.318022
2000 750 0.413231 49404 9.54483e-05 1.27644e-09 1.1093
4000 50 0.000815761 1309 0.00102474 1.8036e-09 0.00617511
4000 100 0.00349042 2723 0.000812257 1.42439e-09 0.0160497
4000 200 0.0134891 5655 0.000611057 9.56379e-10 0.0483982
4000 500 0.0883946 15396 0.000628324 1.09633e-09 0.266588
4000 750 0.2242 25943 0.000538402 1.62532e-09 0.638689
4000 1000 0.493451 42030 0.000546671 2.60186e-09 1.34921
20000 50 0.00140005 1326 0.00562599 1.94027e-09 0.0230131
20000 100 0.00443808 2749 0.00486538 1.63687e-09 0.0485278
20000 200 0.0166877 5611 0.00472276 1.6847e-09 0.116459
20000 500 0.11154 14706 0.00293568 1.037e-09 0.457611
20000 750 0.238664 22671 0.00286298 1.03462e-09 0.875978
20000 1000 0.419221 30607 0.0032973 1.12613e-09 1.41091
20000 2000 1.64006 63782 0.00252961 9.90718e-10 4.90938
20000 4000 7.80471 156936 0.00184667 1.05812e-09 21.4372
40000 50 0.00220462 1296 0.0128356 2.21903e-09 0.0405509
40000 100 0.00593631 2718 0.00778556 1.33154e-09 0.0843909
40000 200 0.0216593 5701 0.0069905 1.21253e-09 0.192982
40000 500 0.119684 14786 0.00628904 1.14017e-09 0.655523
40000 750 0.24622 22636 0.00600107 1.06144e-09 1.16252
40000 1000 0.433994 30492 0.00657426 1.16131e-09 1.80403
40000 2000 1.65746 62718 0.00556971 1.0434e-09 5.64361
40000 4000 6.69947 129879 0.0058327 1.18303e-09 19.8996
40000 10000 57.3837 472008 0.00367563 1.66818e-09 154.698
80000 50 0.00415169 1328 0.0147165 1.27623e-09 0.079865
80000 100 0.00931549 2758 0.0218064 1.87362e-09 0.167354
80000 200 0.0261435 5675 0.0158295 1.3825e-09 0.351371
80000 500 0.125033 14948 0.0126945 1.04912e-09 1.01664
80000 750 0.266922 22536 0.0121488 1.06983e-09 1.72581
80000 1000 0.465394 30566 0.012471 1.08383e-09 2.57633
80000 2000 1.71216 62673 0.0127737 1.0881e-09 7.25697
80000 4000 6.66095 129071 0.0112305 1.01475e-09 23.8795
80000 10000 42.0521 345773 0.00951961 1.03421e-09 122.758
80000 20000 230.777 967101 0.00665611 1.48703e-09 635.661
160000 50 0.00678886 1322 0.0527031 2.28851e-09 0.187322
160000 100 0.0131823 2746 0.0260988 1.14444e-09 0.331122
160000 200 0.0324076 5638 0.0261671 1.12246e-09 0.686005
160000 500 0.139986 14748 0.0221545 9.72068e-10 1.86696
160000 750 0.289477 22467 0.0260129 1.14812e-09 3.08092
160000 1000 0.485802 30264 0.0265439 1.06909e-09 4.96349
160000 2000 1.74245 62334 0.0243475 1.0856e-09 11.8254
160000 4000 6.61423 127507 0.0228561 1.03139e-09 28.2416
160000 10000 40.3911 331266 0.0222615 1.05553e-09 133.051
160000 20000 166.56 698501 0.0208575 1.1262e-09 488.877
