2000 50 0.000953972 1289 0.000444356 1.49956e-09 0.00390588
2000 100 0.00341308 2681 0.000533382 2.03521e-09 0.0118596
2000 200 0.0128688 5724 0.000370616 1.51863e-09 0.0406783
2000 500 0.102146 19721 0.000337772 3.11556e-09 0.29819
2000 750 0.347583 45422 0.000140829 2.00414e-09 0.987791
4000 50 0.00104764 1315 0.000720768 1.2284e-09 0.00571172
4000 100 0.00356129 2712 0.000733847 1.18172e-09 0.0176117
4000 200 0.0130924 5694 0.000716491 1.32366e-09 0.0496781
4000 500 0.0792759 14871 0.000499472 1.05797e-09 0.251643
4000 750 0.200356 25148 0.00055407 1.64797e-09 0.604246
4000 1000 0.440518 40908 0.000557193 2.5926e-09 1.27577
20000 50 0.00127248 1316 0.00288286 1.00143e-09 0.0203359
20000 100 0.00421398 2795 0.00374351 1.32754e-09 0.0455611
20000 200 0.0159251 5688 0.00346745 1.2066e-09 0.115487
20000 500 0.103726 14787 0.00340661 1.19604e-09 0.448817
20000 750 0.221502 22494 0.00345385 1.16701e-09 0.845311
20000 1000 0.385435 30289 0.00283325 1.01144e-09 1.38135
20000 2000 1.52243 62700 0.00296993 1.14126e-09 4.7789
20000 4000 6.96113 149859 0.00214985 1.39819e-09 20.2473
40000 50 0.00135625 1316 0.0070704 1.23977e-09 0.0391482
40000 100 0.00483756 2750 0.00660368 1.16171e-09 0.0842802
40000 200 0.0200401 5656 0.00819453 1.44368e-09 0.194055
40000 500 0.11141 14781 0.00574045 1.02502e-09 0.643297
40000 750 0.228992 22608 0.00594272 1.06923e-09 1.13779
40000 1000 0.396436 30456 0.00641873 1.1548e-09 1.75842
40000 2000 1.56273 62516 0.00580506 1.09588e-09 5.58173
40000 4000 6.13639 128421 0.00534013 1.03639e-09 19.2522
40000 10000 49.2903 444099 0.00401292 1.71427e-09 141.362
80000 50 0.00153315 1287 0.0190964 1.51415e-09 0.0734204
80000 100 0.00728509 2728 0.0150636 1.30888e-09 0.162206
80000 200 0.0231874 5647 0.0124287 1.10431e-09 0.348646
80000 500 0.112146 14725 0.0111603 9.72006e-10 0.991267
80000 750 0.235235 22426 0.0111273 9.71919e-10 1.67856
80000 1000 0.43734 30339 0.0138304 1.23084e-09 2.5436
80000 2000 1.62193 62156 0.012313 1.07722e-09 7.12691
80000 4000 6.0473 127505 0.0118799 1.10209e-09 21.9819
80000 10000 37.1275 334739 0.0104495 1.10617e-09 115.686
80000 20000 198.412 924193 0.00856308 1.77199e-09 575.893
160000 50 0.0032835 1338 0.0359759 1.5612e-09 0.148837
160000 100 0.0088814 2713 0.0297836 1.29066e-09 0.308421
160000 200 0.0258508 5686 0.0257685 1.06431e-09 0.636919
160000 500 0.136218 14899 0.0254538 1.10772e-09 1.82195
160000 750 0.269112 22603 0.0250658 1.08295e-09 2.87819
160000 1000 0.47314 30465 0.0245395 1.08672e-09 4.08148
160000 2000 1.64764 62282 0.0225324 9.57412e-10 10.1477
160000 4000 6.10174 127860 0.0229035 1.02179e-09 27.8575
160000 10000 36.75 330022 0.0225227 1.04704e-09 129.255
160000 20000 148.878 685720 0.0214965 1.11731e-09 477.361
