2000 50 0.000948652 1314 0.0004006 1.46885e-09 0.00413753
2000 100 0.0041127 2735 0.000346458 1.21517e-09 0.0134111
2000 200 0.0151671 5780 0.000313792 1.29665e-09 0.0455283
2000 500 0.117901 20846 0.000443279 4.83162e-09 0.334504
2000 750 0.402639 49615 0.000334807 7.37956e-09 1.12174
4000 50 0.00103928 1329 0.000529237 9.21902e-10 0.00595284
4000 100 0.00420893 2694 0.00065592 1.12624e-09 0.0174998
4000 200 0.0155585 5797 0.000625263 1.06638e-09 0.0534483
4000 500 0.0896653 15538 0.00059418 1.29681e-09 0.27599
4000 750 0.222261 26573 0.000680717 2.41653e-09 0.654873
4000 1000 0.484778 43211 0.000856997 5.13544e-09 1.3836
20000 50 0.00124293 1360 0.00527959 1.86175e-09 0.0225613
20000 100 0.00474089 2734 0.00285686 9.86316e-10 0.0481594
20000 200 0.0174381 5808 0.00302215 1.06072e-09 0.113028
20000 500 0.112505 15072 0.00299502 1.0842e-09 0.468119
20000 750 0.234569 22972 0.00309115 1.10695e-09 0.882326
20000 1000 0.40477 30796 0.00281195 1.04754e-09 1.4127
20000 2000 1.56978 64761 0.00247727 9.87347e-10 4.88846
20000 4000 7.5325 162328 0.00447696 3.6342e-09 21.7277
40000 50 0.00127411 1341 0.0103654 1.62351e-09 0.0392256
40000 100 0.00507509 2793 0.00648092 1.13117e-09 0.0867849
40000 200 0.0183885 5713 0.00557651 9.6141e-10 0.193424
40000 500 0.119963 15050 0.00625294 1.08353e-09 0.661594
40000 750 0.240639 22796 0.00598185 1.04984e-09 1.16406
40000 1000 0.417707 30517 0.00574898 1.01207e-09 1.80478
40000 2000 1.58409 62860 0.00567479 1.00221e-09 5.63631
40000 4000 6.36187 132514 0.0057562 1.1737e-09 19.8477
40000 10000 54.9457 494354 0.00845175 5.1968e-09 156.763
80000 50 0.00130958 1334 0.0147965 1.30378e-09 0.0742114
80000 100 0.00562349 2769 0.0135359 1.16122e-09 0.154058
80000 200 0.0228586 5632 0.0124185 1.09806e-09 0.340813
80000 500 0.130966 14969 0.0115313 1.00675e-09 1.04831
80000 750 0.280541 22901 0.0121672 1.05201e-09 1.7789
80000 1000 0.464224 30768 0.0112421 9.8482e-10 2.63691
80000 2000 1.65777 62763 0.0123146 1.04358e-09 7.27336
80000 4000 6.20856 129737 0.010682 9.79804e-10 22.3417
80000 10000 38.9451 349618 0.0100317 1.17943e-09 120.438
80000 20000 216.379 997447 0.0162131 4.86029e-09 622.058
160000 50 0.00143172 1307 0.0423616 1.77135e-09 0.145286
160000 100 0.00768077 2700 0.0326599 1.41558e-09 0.29949
160000 200 0.0257681 5755 0.0232488 9.28377e-10 0.634534
160000 500 0.142838 14970 0.020188 8.83613e-10 1.81448
160000 750 0.289981 22946 0.0248809 1.08077e-09 2.89303
160000 1000 0.481681 30831 0.0247891 1.08812e-09 4.13963
160000 2000 1.67381 62991 0.0225962 1.00366e-09 10.1562
160000 4000 6.2654 129334 0.0233204 1.03392e-09 28.1927
160000 10000 37.3431 334899 0.0217491 1.03211e-09 130.752
160000 20000 155.164 716348 0.021604 1.22497e-09 483.801
