2000 50 0.000690242 1333 0.00049653 1.642e-09 0.00376049
2000 100 0.00355912 2995 0.00030213 1.16104e-09 0.0124762
2000 200 0.0146719 6694 0.000346903 1.48182e-09 0.0455195
2000 500 0.136718 26632 0.000162433 1.11486e-09 0.39455
2000 750 0.496628 65280 0.000137312 2.24082e-09 1.39918
4000 50 0.000764242 1327 0.0014482 2.53683e-09 0.00552455
4000 100 0.00349313 2804 0.000599113 1.10128e-09 0.0153929
4000 200 0.0135108 6023 0.000706621 1.28929e-09 0.0507278
4000 500 0.0946576 18124 0.000528032 1.14147e-09 0.297066
4000 750 0.259107 32923 0.000465924 1.44794e-09 0.762737
4000 1000 0.58151 55261 0.000349884 1.26748e-09 1.66997
20000 50 0.000927602 1326 0.0053579 1.67251e-09 0.0218209
20000 100 0.00413133 2779 0.00332948 1.05184e-09 0.0471302
20000 200 0.0152549 5746 0.00464921 1.61468e-09 0.114456
20000 500 0.103612 15221 0.00283423 1.00385e-09 0.449962
20000 750 0.228287 23419 0.0031267 1.16557e-09 0.869405
20000 1000 0.398939 32109 0.00284911 1.04561e-09 1.41647
20000 2000 1.70243 72344 0.00253468 1.04869e-09 5.28709
20000 4000 9.09031 196856 0.00207769 1.29792e-09 25.9031
40000 50 0.0010113 1321 0.0131881 2.2164e-09 0.0381615
40000 100 0.00474226 2808 0.00625392 1.08746e-09 0.082549
40000 200 0.0195348 5736 0.0075685 1.35062e-09 0.19261
40000 500 0.108709 15039 0.00637974 1.13007e-09 0.635959
40000 750 0.233459 23017 0.0063945 1.10513e-09 1.14059
40000 1000 0.409677 31323 0.00585057 1.04767e-09 1.78069
40000 2000 1.62433 66284 0.00582751 1.10427e-09 5.79216
40000 4000 6.9883 148231 0.00535389 1.11933e-09 22.017
40000 10000 66.9391 604350 0.00361077 1.54433e-09 189.43
80000 50 0.00164446 1316 0.0131296 1.14453e-09 0.0835282
80000 100 0.00657996 2735 0.0149726 1.30381e-09 0.170609
80000 200 0.0253907 5714 0.0147357 1.30065e-09 0.394302
80000 500 0.123595 14976 0.0117524 1.01925e-09 1.05151
80000 750 0.250859 22859 0.0122367 1.08805e-09 1.87286
80000 1000 0.44295 31056 0.0125703 1.11637e-09 2.73348
80000 2000 1.62271 64505 0.0125608 1.11158e-09 7.49932
80000 4000 6.49878 136890 0.0111164 1.05425e-09 23.0882
80000 10000 45.4148 409708 0.00971057 1.06431e-09 138.388
80000 20000 270.601 1249323 0.00773235 1.55682e-09 770.624
160000 50 0.00226108 1312 0.0337883 1.4868e-09 0.148203
160000 100 0.00944446 2760 0.0314197 1.38277e-09 0.30962
160000 200 0.0281987 5762 0.0318421 1.39045e-09 0.633625
160000 500 0.133755 14959 0.0282141 1.22949e-09 1.81619
160000 750 0.276557 22775 0.0267174 1.06231e-09 2.8586
160000 1000 0.462072 30632 0.0231762 9.86482e-10 4.06151
160000 2000 1.63914 63418 0.0265339 1.08131e-09 10.1067
160000 4000 6.26118 131798 0.0231886 1.03906e-09 28.2925
160000 10000 40.1124 359320 0.0209006 9.98006e-10 138.271
160000 20000 181.929 838898 0.0183793 1.05444e-09 556.878
